line-0 [205 1077 261 1077]
line-1 [180 1085 220 1085]
line-2 [69 1068 83 1068]
line-4 [162 1062 192 1062]
line-10 [344 1089 359 1089]
line-13 [139 1084 175 1084]
line-14 [47 1074 61 1074]
line-16 [54 1082 87 1082]
line-17 [0 1081 53 1082]
line-19 [315 1079 324 1079]
line-24 [337 1073 345 1073]
line-25 [53 1061 134 1061]
line-33 [122 1069 185 1069]
line-34 [88 1075 153 1075]
line-35 [539 938 568 923]
line-38 [242 1086 260 1086]
line-39 [173 1076 183 1076]
line-49 [88 1083 138 1083]
line-57 [84 1068 121 1068]
line-59 [0 1073 17 1073]
line-62 [274 1087 308 1087]
line-68 [344 1066 373 1066]
line-71 [62 1074 82 1074]
line-73 [325 1080 359 1080]
line-74 [309 1088 343 1088]
line-77 [271 1078 299 1078]
line-84 [184 1076 192 1076]
line-85 [154 1076 163 1076]
line-92 [135 1062 161 1062]
line-95 [18 1074 32 1074]
line-99 [525 948 531 944]
line-100 [346 1073 364 1073]
line-101 [533 942 538 939]
