line-0 [22 1074 63 1074]
line-1 [278 1078 286 1078]
line-2 [222 1086 267 1086]
line-4 [106 1069 146 1069]
line-11 [104 1062 132 1062]
line-12 [292 1079 311 1079]
line-13 [64 1075 137 1075]
line-18 [213 1077 223 1077]
line-20 [0 1081 15 1081]
line-23 [102 1083 121 1083]
line-25 [257 1078 275 1078]
line-28 [64 1061 103 1061]
line-29 [339 1089 347 1089]
line-30 [197 1077 207 1077]
line-31 [122 1084 161 1084]
line-32 [148 1076 166 1076]
line-34 [167 1085 191 1085]
line-38 [335 1066 364 1066]
line-41 [76 1068 90 1068]
line-44 [16 1082 66 1082]
line-49 [312 1080 347 1080]
line-50 [544 935 550 932]
line-52 [75 1083 101 1083]
line-53 [347 1073 356 1073]
line-55 [93 1068 105 1068]
line-56 [281 1087 291 1087]
line-57 [156 1062 191 1062]
line-62 [167 1076 176 1076]
line-65 [133 1062 140 1062]
line-67 [295 1088 334 1088]
line-71 [528 946 536 941]
line-72 [553 930 566 924]
line-78 [152 1069 164 1069]
line-79 [178 1077 196 1077]
line-81 [230 1078 245 1078]
line-86 [357 1074 368 1074]
line-90 [47 1068 75 1068]
line-92 [170 1070 183 1070]
line-102 [7 1074 21 1074]
line-103 [211 1086 216 1086]
line-104 [246 1078 252 1078]
line-106 [535 941 545 935]
line-109 [358 1081 363 1081]
