line-0 [15 1074 47 1074]
line-5 [351 1090 358 1090]
line-6 [104 1084 134 1084]
line-7 [308 1080 326 1080]
line-9 [97 1062 153 1062]
line-12 [260 1087 283 1087]
line-13 [11 1082 43 1082]
line-14 [343 1074 369 1074]
line-19 [48 1075 115 1075]
line-23 [0 1074 13 1074]
line-25 [320 1089 326 1089]
line-26 [281 1079 306 1079]
line-28 [134 1069 142 1069]
line-29 [46 1068 76 1068]
line-30 [138 1084 160 1084]
line-31 [199 1086 259 1086]
line-32 [215 1078 280 1078]
line-38 [343 1081 361 1081]
line-41 [149 1070 177 1070]
line-42 [327 1089 350 1089]
line-44 [77 1068 88 1068]
line-45 [44 1083 103 1083]
line-46 [116 1076 167 1076]
line-47 [66 1061 75 1061]
line-53 [182 1077 192 1077]
line-61 [161 1085 198 1085]
line-62 [285 1088 314 1088]
line-64 [97 1069 133 1069]
line-65 [154 1062 167 1062]
line-71 [336 1066 362 1066]
line-74 [168 1063 192 1063]
line-80 [193 1077 214 1077]
line-86 [52 1062 57 1062]
