line-0 [45 1082 86 1082]
line-1 [267 1077 300 1078]
line-3 [345 1066 373 1066]
line-6 [245 1086 301 1087]
line-9 [153 1069 185 1069]
line-11 [6 1073 14 1073]
line-12 [46 1068 120 1068]
line-13 [192 1077 261 1077]
line-14 [179 1085 234 1085]
line-16 [94 1083 104 1083]
line-18 [350 1073 364 1073]
line-19 [132 1062 192 1062]
line-20 [344 1089 359 1089]
line-23 [15 1074 87 1074]
line-25 [88 1075 146 1075]
line-26 [107 1083 117 1083]
line-29 [53 1061 129 1061]
line-31 [24 1082 40 1082]
line-42 [523 950 530 945]
line-44 [149 1084 177 1084]
line-45 [528 946 537 940]
line-49 [308 1088 343 1088]
line-54 [0 1081 23 1081]
line-61 [126 1083 135 1083]
line-62 [121 1069 152 1069]
line-63 [147 1076 191 1076]
line-64 [542 936 551 931]
line-77 [136 1084 148 1084]
line-89 [301 1079 323 1079]
line-90 [324 1080 359 1080]
