line-0 [259 1078 298 1078]
line-1 [91 1083 130 1083]
line-2 [131 1062 174 1062]
line-6 [120 1069 153 1069]
line-7 [274 1087 307 1087]
line-9 [46 1068 119 1068]
line-11 [66 1074 84 1074]
line-17 [212 1085 220 1085]
line-19 [155 1069 185 1069]
line-23 [174 1076 189 1076]
line-25 [44 1082 62 1082]
line-27 [190 1077 223 1077]
line-28 [530 944 558 927]
line-29 [141 1084 151 1084]
line-32 [85 1075 128 1075]
line-33 [299 1079 307 1079]
line-35 [345 1089 352 1089]
line-38 [339 1073 363 1073]
line-40 [53 1061 130 1061]
line-47 [233 1086 273 1086]
line-49 [177 1085 184 1085]
line-52 [313 1088 344 1088]
line-53 [21 1074 49 1074]
line-54 [160 1076 173 1076]
line-61 [321 1080 359 1080]
line-62 [360 1066 370 1066]
line-68 [0 1081 17 1081]
line-69 [35 1082 43 1082]
line-71 [185 1085 202 1085]
line-79 [343 1066 351 1066]
line-80 [152 1084 176 1084]
line-85 [63 1082 70 1082]
line-86 [310 1079 318 1079]
line-90 [75 1082 90 1083]
line-98 [575 920 581 918]
line-99 [243 1077 258 1077]
line-100 [22 1082 34 1082]
line-102 [137 1075 147 1075]
