line-0 [73 1075 126 1075]
line-1 [134 1084 170 1084]
line-2 [269 1087 295 1087]
line-7 [292 1079 309 1079]
line-10 [105 1062 151 1062]
line-13 [345 1066 363 1066]
line-15 [47 1068 86 1068]
line-16 [13 1074 27 1074]
line-18 [333 1073 357 1073]
line-23 [335 1080 348 1080]
line-24 [140 1076 162 1076]
line-26 [84 1083 122 1083]
line-28 [171 1085 219 1085]
line-29 [163 1076 184 1076]
line-32 [7 1074 12 1074]
line-33 [220 1086 268 1086]
line-37 [18 1082 69 1082]
line-38 [40 1074 54 1074]
line-39 [185 1077 232 1077]
line-41 [339 1089 347 1089]
line-42 [54 1061 104 1061]
line-46 [118 1069 172 1069]
line-52 [233 1078 291 1078]
line-53 [301 1088 309 1088]
line-54 [349 1081 356 1081]
line-57 [99 1068 113 1068]
line-62 [561 926 571 922]
line-68 [28 1074 39 1074]
line-71 [160 1062 192 1062]
line-72 [523 950 530 945]
line-81 [173 1070 183 1070]
line-89 [576 920 584 917]
line-92 [310 1088 334 1088]
line-98 [0 1081 17 1081]
