line-0 [173 1077 213 1077]
line-3 [214 1086 259 1086]
line-5 [346 1074 369 1074]
line-6 [245 1078 273 1078]
line-7 [48 1075 111 1075]
line-9 [67 1062 167 1062]
line-12 [105 1069 145 1069]
line-17 [55 1083 103 1083]
line-21 [533 943 559 928]
line-26 [85 1069 98 1069]
line-27 [104 1084 146 1084]
line-29 [279 1088 319 1088]
line-32 [146 1070 186 1069]
line-37 [112 1076 157 1076]
line-38 [324 1080 340 1080]
line-41 [171 1063 185 1063]
line-45 [156 1085 199 1085]
line-48 [353 1081 363 1081]
line-51 [25 1075 41 1074]
line-54 [575 921 581 919]
line-57 [282 1079 297 1079]
line-59 [22 1082 40 1082]
line-60 [42 1083 54 1083]
line-66 [225 1078 235 1078]
line-69 [322 1089 330 1089]
line-72 [561 927 573 922]
line-74 [304 1080 319 1080]
line-77 [99 1069 104 1069]
line-82 [352 1067 367 1067]
line-84 [48 1068 67 1068]
line-87 [158 1077 172 1077]
line-88 [260 1087 268 1087]
line-91 [0 1074 20 1074]
line-95 [147 1084 155 1084]
line-97 [336 1066 351 1066]
