line-0 [112 1076 157 1076]
line-2 [259 1087 278 1087]
line-3 [48 1068 84 1068]
line-4 [242 1078 270 1078]
line-7 [166 1063 192 1063]
line-11 [45 1075 104 1075]
line-13 [177 1070 184 1070]
line-15 [210 1086 258 1086]
line-16 [53 1062 165 1062]
line-18 [161 1077 194 1077]
line-21 [36 1083 89 1083]
line-23 [338 1081 356 1081]
line-24 [317 1089 350 1089]
line-32 [343 1066 353 1066]
line-33 [20 1075 33 1075]
line-35 [346 1074 369 1074]
line-36 [304 1080 316 1080]
line-40 [110 1069 141 1069]
line-42 [117 1084 157 1084]
line-45 [357 1081 363 1081]
line-53 [290 1079 303 1079]
line-55 [6 1082 35 1082]
line-56 [216 1078 234 1078]
line-61 [5 1074 19 1074]
line-63 [552 931 568 924]
line-67 [158 1085 185 1085]
line-68 [521 952 529 946]
line-70 [142 1070 176 1070]
line-75 [279 1088 316 1088]
line-80 [196 1077 210 1077]
line-83 [186 1086 209 1086]
line-85 [543 936 553 931]
line-99 [105 1084 116 1084]
line-101 [530 945 542 937]
line-102 [354 1067 372 1067]
