line-0 [117 1076 213 1077]
line-1 [47 1083 154 1084]
line-2 [148 1070 185 1070]
line-4 [336 1066 352 1066]
line-7 [62 1062 168 1062]
line-10 [323 1089 346 1089]
line-11 [14 1074 26 1074]
line-14 [323 1080 339 1080]
line-15 [60 1068 67 1068]
line-17 [27 1075 33 1075]
line-21 [83 1069 147 1069]
line-23 [203 1086 211 1086]
line-26 [249 1086 257 1086]
line-27 [217 1078 273 1078]
line-30 [45 1075 107 1075]
line-34 [155 1085 192 1085]
line-41 [218 1086 228 1086]
line-46 [278 1088 322 1088]
line-49 [68 1069 75 1069]
line-51 [34 1074 41 1074]
line-52 [355 1074 363 1074]
line-62 [304 1080 312 1080]
line-63 [529 946 536 941]
line-65 [521 952 528 947]
line-66 [8 1082 43 1082]
line-69 [169 1063 192 1063]
line-75 [293 1079 301 1079]
line-76 [340 1081 363 1081]
line-80 [580 919 589 916]
line-83 [229 1086 239 1086]
line-89 [263 1087 271 1087]
line-92 [541 938 550 932]
line-94 [364 1074 369 1074]
line-99 [353 1067 373 1067]
line-101 [337 1074 346 1074]
