line-0 [210 1086 260 1086]
line-1 [74 1062 130 1062]
line-2 [248 1078 281 1078]
line-4 [303 1080 336 1080]
line-7 [80 1069 108 1069]
line-8 [282 1079 302 1079]
line-9 [97 1083 103 1083]
line-16 [279 1088 320 1088]
line-20 [0 1081 8 1081]
line-25 [47 1075 115 1075]
line-26 [18 1074 36 1074]
line-29 [9 1082 23 1082]
line-32 [111 1069 167 1070]
line-35 [104 1084 123 1084]
line-36 [156 1077 194 1077]
line-37 [155 1085 199 1085]
line-39 [228 1078 246 1078]
line-40 [337 1066 344 1066]
line-51 [127 1084 137 1084]
line-53 [533 943 556 929]
line-55 [42 1083 96 1083]
line-57 [138 1062 192 1063]
line-58 [321 1089 346 1089]
line-61 [116 1076 155 1076]
line-69 [345 1081 359 1081]
line-74 [48 1068 65 1068]
line-77 [353 1067 373 1067]
line-84 [196 1077 214 1077]
line-88 [37 1074 46 1074]
line-90 [168 1070 183 1070]
