line-0 [113 1076 147 1076]
line-2 [44 1083 100 1083]
line-3 [86 1069 125 1069]
line-4 [213 1078 264 1078]
line-5 [59 1062 166 1062]
line-9 [209 1086 217 1086]
line-11 [348 1074 361 1074]
line-13 [194 1085 199 1085]
line-20 [46 1075 105 1075]
line-21 [261 1087 276 1087]
line-23 [157 1077 212 1077]
line-28 [280 1088 322 1088]
line-35 [115 1084 152 1084]
line-38 [153 1085 181 1085]
line-39 [202 1086 208 1086]
line-43 [160 1070 174 1070]
line-47 [521 952 535 941]
line-49 [308 1080 341 1081]
line-50 [287 1079 295 1079]
line-59 [20 1075 32 1075]
line-64 [265 1078 274 1078]
line-65 [56 1068 85 1068]
line-66 [352 1067 372 1067]
line-69 [336 1066 351 1066]
line-71 [218 1086 260 1086]
line-77 [7 1082 35 1082]
line-82 [9 1074 19 1074]
line-85 [569 923 594 914]
line-93 [167 1063 192 1063]
line-95 [128 1069 142 1069]
