line-0 [36 1083 81 1083]
line-3 [45 1075 91 1075]
line-5 [77 1062 166 1062]
line-8 [95 1069 129 1069]
line-16 [82 1083 101 1083]
line-17 [195 1086 216 1086]
line-19 [133 1076 161 1076]
line-21 [130 1069 136 1069]
line-24 [8 1082 35 1082]
line-29 [167 1063 180 1063]
line-32 [163 1077 214 1077]
line-36 [160 1070 184 1070]
line-40 [22 1075 28 1075]
line-41 [105 1084 157 1084]
line-46 [114 1076 120 1076]
line-51 [48 1068 83 1068]
line-52 [158 1085 184 1085]
line-57 [0 1074 21 1074]
line-69 [64 1062 75 1062]
line-71 [215 1078 235 1078]
line-86 [528 946 536 941]
line-91 [121 1076 132 1076]
line-93 [181 1063 192 1063]
