line-0 [0 1074 20 1074]
line-1 [149 1070 184 1070]
line-2 [216 1086 259 1086]
line-4 [53 1062 161 1062]
line-6 [250 1078 279 1078]
line-8 [160 1077 198 1077]
line-13 [103 1084 127 1084]
line-14 [209 1086 215 1086]
line-15 [36 1083 90 1083]
line-19 [54 1075 72 1075]
line-21 [279 1088 314 1088]
line-28 [214 1078 221 1078]
line-29 [110 1076 159 1076]
line-33 [85 1069 137 1069]
line-42 [228 1078 246 1078]
line-48 [557 929 566 924]
line-50 [548 934 556 929]
line-51 [166 1063 192 1063]
line-52 [521 952 529 946]
line-53 [333 1081 355 1081]
line-56 [187 1086 201 1086]
line-58 [48 1068 70 1068]
line-63 [73 1075 102 1075]
line-64 [336 1066 352 1066]
line-66 [333 1073 345 1073]
line-67 [331 1089 349 1089]
line-68 [303 1080 323 1080]
line-69 [350 1074 364 1074]
line-78 [163 1085 181 1085]
line-81 [280 1079 302 1079]
line-85 [10 1082 35 1082]
line-86 [530 945 548 933]
line-92 [129 1084 137 1084]
line-93 [21 1075 32 1075]
line-96 [359 1067 373 1067]
line-97 [268 1087 276 1087]
line-98 [138 1084 147 1084]
line-103 [202 1077 213 1077]
