line-2 [118 1084 158 1084]
line-3 [241 1078 269 1078]
line-5 [98 1069 105 1069]
line-6 [80 1062 108 1062]
line-16 [49 1075 77 1075]
line-18 [36 1082 53 1082]
line-20 [48 1068 93 1068]
line-24 [352 1081 363 1081]
line-25 [138 1076 156 1076]
line-29 [352 1074 368 1074]
line-33 [290 1079 304 1079]
line-37 [158 1070 169 1070]
line-38 [54 1083 108 1083]
line-39 [123 1062 168 1062]
line-50 [101 1075 117 1075]
line-51 [344 1081 351 1081]
line-55 [124 1069 148 1069]
line-61 [109 1069 123 1069]
line-62 [15 1082 29 1082]
line-63 [534 942 546 935]
line-64 [0 1074 46 1074]
line-65 [307 1080 343 1080]
line-69 [566 925 577 920]
line-74 [546 934 553 931]
line-77 [356 1066 361 1066]
line-80 [79 1075 100 1075]
line-85 [56 1061 79 1061]
line-90 [334 1073 351 1073]
line-100 [343 1066 353 1066]
line-103 [278 1078 284 1078]
line-105 [554 930 559 928]
