line-0 [84 1075 140 1075]
line-1 [231 1086 269 1086]
line-2 [336 1066 370 1066]
line-3 [241 1078 269 1078]
line-4 [96 1068 114 1068]
line-7 [22 1082 73 1082]
line-9 [5 1074 76 1074]
line-13 [99 1061 106 1061]
line-14 [298 1079 312 1079]
line-15 [47 1068 75 1068]
line-17 [182 1077 236 1077]
line-23 [279 1078 287 1078]
line-28 [107 1062 192 1062]
line-29 [173 1085 210 1085]
line-32 [301 1088 338 1088]
line-33 [118 1069 174 1069]
line-38 [86 1083 96 1083]
line-39 [333 1073 360 1073]
line-41 [123 1084 172 1084]
line-44 [147 1076 175 1076]
line-49 [54 1061 94 1061]
line-80 [97 1083 122 1083]
line-82 [270 1087 300 1087]
line-84 [339 1089 346 1089]
line-86 [318 1080 353 1080]
line-88 [579 919 587 916]
line-95 [0 1081 17 1081]
line-98 [521 952 537 939]
line-103 [74 1083 85 1083]
line-105 [535 942 545 934]
