line-1 [311 1080 336 1080]
line-2 [193 1086 249 1086]
line-3 [236 1078 281 1078]
line-6 [107 1069 146 1069]
line-7 [164 1063 193 1063]
line-14 [0 1081 10 1081]
line-16 [78 1062 163 1062]
line-17 [53 1083 89 1083]
line-20 [346 1074 368 1074]
line-21 [28 1074 65 1075]
line-22 [187 1077 197 1077]
line-23 [320 1089 349 1089]
line-25 [86 1069 93 1069]
line-30 [109 1076 166 1076]
line-35 [105 1084 161 1084]
line-43 [352 1081 360 1081]
line-45 [48 1068 85 1068]
line-53 [12 1082 40 1082]
line-56 [147 1070 185 1070]
line-57 [287 1088 315 1088]
line-60 [177 1085 191 1085]
line-64 [83 1075 108 1075]
line-65 [95 1083 104 1083]
line-67 [4 1074 22 1074]
line-75 [200 1077 215 1077]
line-76 [169 1077 177 1077]
line-78 [336 1066 362 1066]
line-80 [270 1087 286 1087]
line-84 [282 1079 310 1079]
line-94 [57 1061 77 1061]
