line-0 [80 1075 117 1075]
line-1 [132 1084 174 1084]
line-2 [115 1062 192 1062]
line-3 [78 1068 120 1068]
line-5 [321 1080 347 1080]
line-6 [256 1078 297 1078]
line-10 [121 1069 184 1069]
line-11 [175 1085 229 1085]
line-14 [187 1077 248 1077]
line-15 [12 1074 79 1074]
line-23 [304 1088 328 1088]
line-24 [53 1061 93 1061]
line-27 [258 1086 268 1086]
line-29 [77 1083 126 1083]
line-31 [146 1076 186 1076]
line-32 [18 1082 76 1082]
line-33 [534 941 544 935]
line-36 [244 1086 252 1086]
line-42 [300 1079 306 1079]
line-48 [333 1073 362 1073]
line-53 [312 1079 320 1079]
line-58 [545 934 570 922]
line-60 [345 1089 353 1089]
line-61 [127 1075 135 1075]
line-76 [333 1088 341 1088]
line-82 [94 1061 114 1061]
line-83 [347 1066 373 1067]
line-84 [45 1068 72 1068]
line-89 [235 1086 243 1086]
line-92 [273 1087 303 1087]
line-95 [358 1081 364 1081]
line-99 [5 1081 17 1081]
line-102 [526 948 533 942]
