line-0 [134 1076 169 1076]
line-2 [333 1073 339 1073]
line-4 [122 1084 163 1084]
line-5 [56 1075 96 1075]
line-6 [267 1078 287 1078]
line-7 [267 1087 287 1087]
line-9 [54 1061 90 1061]
line-13 [47 1068 107 1068]
line-18 [57 1083 75 1083]
line-20 [102 1062 186 1062]
line-22 [112 1069 126 1069]
line-24 [244 1078 266 1078]
line-26 [0 1074 55 1074]
line-29 [224 1086 232 1086]
line-30 [89 1083 107 1083]
line-33 [177 1077 227 1077]
line-42 [295 1088 303 1088]
line-45 [349 1081 364 1081]
line-47 [304 1088 327 1088]
line-49 [346 1066 354 1066]
line-50 [211 1086 219 1086]
line-51 [144 1069 159 1069]
line-52 [122 1075 133 1075]
line-54 [340 1089 348 1089]
line-57 [15 1082 56 1082]
line-59 [191 1085 208 1085]
line-60 [291 1079 299 1079]
line-62 [313 1080 321 1080]
line-71 [241 1086 249 1086]
line-73 [166 1085 174 1085]
line-75 [250 1086 256 1086]
line-81 [160 1070 183 1070]
line-87 [360 1074 370 1073]
line-89 [329 1089 335 1089]
line-93 [340 1073 356 1073]
line-98 [134 1069 143 1069]
line-100 [335 1066 345 1066]
line-101 [97 1075 116 1075]
line-102 [333 1080 343 1080]
line-106 [180 1085 188 1085]
