line-0 [186 1077 228 1077]
line-1 [228 1086 272 1086]
line-6 [153 1062 167 1062]
line-7 [128 1084 168 1084]
line-11 [143 1069 177 1069]
line-13 [333 1073 370 1073]
line-14 [99 1075 143 1075]
line-15 [95 1083 105 1083]
line-18 [351 1066 369 1066]
line-19 [257 1078 285 1078]
line-20 [49 1074 63 1074]
line-22 [302 1079 316 1079]
line-25 [47 1068 119 1068]
line-27 [19 1082 74 1082]
line-28 [144 1076 185 1076]
line-32 [321 1088 358 1089]
line-33 [115 1062 136 1062]
line-36 [175 1085 227 1085]
line-44 [120 1069 137 1069]
line-45 [568 923 578 919]
line-48 [273 1087 303 1087]
line-54 [347 1080 356 1080]
line-57 [137 1062 152 1062]
line-60 [53 1061 106 1061]
line-61 [75 1083 94 1083]
line-63 [3 1081 17 1081]
line-69 [12 1074 46 1074]
line-77 [106 1083 124 1083]
line-82 [177 1062 183 1062]
line-85 [579 919 592 914]
line-86 [77 1075 91 1075]
line-87 [169 1084 174 1084]
line-90 [171 1062 176 1062]
line-91 [322 1080 346 1080]
line-95 [304 1088 320 1088]
line-98 [550 932 555 929]
line-101 [64 1074 76 1074]
line-103 [0 1073 11 1073]
