line-0 [207 1077 263 1077]
line-1 [95 1083 139 1083]
line-2 [80 1068 122 1068]
line-3 [80 1061 132 1061]
line-5 [324 1088 346 1088]
line-6 [15 1074 88 1074]
line-9 [349 1066 373 1066]
line-10 [89 1075 150 1075]
line-11 [269 1078 300 1078]
line-14 [0 1081 24 1081]
line-15 [234 1086 253 1086]
line-16 [27 1082 85 1082]
line-19 [123 1069 185 1069]
line-23 [334 1073 365 1073]
line-27 [133 1062 192 1062]
line-29 [179 1085 233 1085]
line-36 [301 1079 325 1079]
line-41 [148 1084 178 1084]
line-43 [279 1087 308 1087]
line-49 [550 931 564 925]
line-50 [326 1080 355 1080]
line-52 [151 1076 191 1076]
line-58 [53 1061 77 1061]
line-62 [65 1068 79 1068]
line-66 [520 952 531 943]
line-68 [564 924 578 919]
line-80 [538 939 544 934]
line-82 [192 1077 206 1077]
line-86 [254 1086 259 1086]
