line-0 [26 1074 82 1074]
line-1 [0 1081 18 1081]
line-4 [158 1062 192 1062]
line-5 [273 1087 305 1087]
line-7 [333 1073 363 1073]
line-9 [152 1069 184 1069]
line-10 [287 1078 300 1078]
line-12 [85 1075 144 1075]
line-14 [143 1084 175 1084]
line-15 [49 1068 118 1068]
line-20 [53 1061 125 1061]
line-21 [262 1078 277 1078]
line-29 [188 1077 261 1077]
line-32 [337 1065 343 1065]
line-34 [89 1083 117 1083]
line-35 [176 1085 230 1085]
line-36 [0 1073 12 1073]
line-42 [344 1066 360 1066]
line-44 [548 933 556 928]
line-46 [19 1082 80 1082]
line-52 [323 1080 359 1080]
line-53 [252 1086 272 1086]
line-56 [309 1088 345 1088]
line-61 [145 1076 187 1076]
line-69 [126 1062 157 1062]
line-70 [568 923 578 919]
line-75 [531 943 539 938]
line-77 [119 1069 130 1069]
line-79 [301 1079 322 1079]
line-85 [522 950 528 946]
line-91 [132 1084 142 1084]
line-95 [346 1089 352 1089]
