line-0 [191 1077 221 1077]
line-1 [137 1084 166 1084]
line-3 [285 1078 300 1078]
line-4 [62 1061 118 1061]
line-8 [46 1068 123 1068]
line-9 [309 1088 330 1088]
line-13 [226 1077 254 1077]
line-14 [63 1074 77 1074]
line-15 [167 1084 177 1084]
line-22 [124 1069 133 1069]
line-23 [349 1066 358 1066]
line-24 [130 1062 192 1062]
line-25 [23 1082 82 1082]
line-26 [537 939 553 930]
line-30 [249 1086 267 1086]
line-33 [152 1076 190 1076]
line-39 [89 1075 149 1075]
line-40 [49 1074 62 1074]
line-41 [35 1074 48 1074]
line-42 [14 1074 34 1074]
line-43 [335 1073 365 1073]
line-44 [178 1085 232 1085]
line-47 [78 1074 84 1074]
line-52 [83 1083 136 1083]
line-57 [268 1078 282 1078]
line-59 [134 1069 185 1069]
line-63 [0 1081 22 1081]
line-67 [325 1080 360 1080]
line-79 [275 1087 308 1087]
line-84 [301 1079 324 1079]
line-86 [520 952 532 942]
line-91 [554 929 559 927]
line-97 [348 1089 356 1089]
line-101 [359 1066 370 1066]
