line-0 [137 1076 169 1076]
line-1 [120 1084 209 1085]
line-7 [105 1062 155 1062]
line-8 [107 1069 152 1069]
line-9 [315 1080 346 1080]
line-12 [62 1075 136 1075]
line-13 [357 1074 368 1074]
line-17 [229 1078 289 1078]
line-19 [176 1077 228 1077]
line-20 [72 1068 86 1068]
line-26 [210 1086 266 1086]
line-28 [16 1082 65 1082]
line-36 [336 1066 367 1066]
line-37 [2 1074 15 1074]
line-45 [66 1083 119 1083]
line-49 [54 1061 104 1061]
line-59 [293 1088 332 1088]
line-62 [16 1074 28 1074]
line-66 [30 1074 58 1074]
line-68 [563 926 568 923]
line-79 [87 1068 100 1068]
line-81 [533 943 546 934]
line-82 [333 1073 356 1073]
line-83 [333 1089 352 1089]
line-85 [171 1070 183 1070]
line-89 [267 1087 292 1087]
line-90 [51 1068 69 1068]
line-91 [156 1062 188 1062]
line-96 [347 1081 363 1081]
line-103 [153 1069 164 1069]
