line-0 [126 1084 164 1084]
line-1 [134 1076 169 1076]
line-2 [58 1075 102 1075]
line-4 [311 1080 326 1080]
line-8 [66 1061 104 1061]
line-9 [267 1087 288 1087]
line-11 [0 1074 57 1074]
line-12 [93 1083 117 1083]
line-15 [42 1082 62 1082]
line-17 [105 1062 188 1062]
line-18 [121 1069 139 1069]
line-22 [215 1086 266 1086]
line-25 [295 1088 303 1088]
line-27 [347 1081 363 1081]
line-28 [0 1081 11 1081]
line-30 [176 1077 205 1077]
line-31 [47 1068 107 1068]
line-32 [336 1066 366 1066]
line-33 [209 1086 214 1086]
line-34 [228 1078 289 1078]
line-35 [140 1069 162 1069]
line-40 [548 933 565 925]
line-47 [166 1085 194 1085]
line-58 [63 1083 92 1083]
line-60 [206 1077 223 1077]
line-62 [200 1085 208 1085]
line-67 [112 1075 122 1075]
line-74 [168 1070 183 1070]
line-77 [527 947 546 934]
line-83 [332 1089 353 1089]
line-88 [289 1088 294 1088]
line-89 [357 1074 368 1074]
line-90 [290 1079 310 1079]
line-92 [23 1082 33 1082]
line-98 [566 924 572 922]
line-102 [333 1073 356 1073]
line-109 [320 1088 331 1088]
