line-0 [154 1076 183 1076]
line-1 [223 1086 269 1086]
line-3 [0 1073 6 1073]
line-7 [89 1068 107 1068]
line-9 [54 1061 82 1061]
line-12 [102 1083 121 1083]
line-13 [292 1079 307 1079]
line-16 [184 1077 229 1077]
line-17 [119 1069 153 1069]
line-18 [18 1082 63 1082]
line-19 [75 1068 88 1068]
line-20 [7 1074 72 1074]
line-21 [154 1069 170 1069]
line-22 [73 1075 136 1075]
line-24 [230 1078 291 1078]
line-26 [182 1085 210 1085]
line-28 [105 1062 191 1062]
line-36 [336 1066 365 1066]
line-42 [291 1088 332 1088]
line-43 [122 1084 169 1084]
line-51 [546 935 555 929]
line-58 [333 1073 356 1073]
line-63 [348 1081 363 1081]
line-69 [521 952 538 939]
line-70 [335 1089 343 1089]
line-75 [91 1083 101 1083]
line-80 [311 1080 347 1080]
line-86 [270 1087 290 1087]
line-91 [573 921 580 919]
line-92 [144 1076 153 1076]
line-93 [62 1068 74 1068]
