line-0 [5 1074 53 1074]
line-1 [221 1086 265 1086]
line-6 [104 1062 133 1062]
line-8 [137 1062 190 1062]
line-10 [312 1080 328 1080]
line-13 [123 1084 169 1084]
line-15 [184 1077 228 1077]
line-17 [336 1066 353 1066]
line-21 [30 1082 58 1082]
line-22 [46 1068 88 1068]
line-23 [134 1076 181 1076]
line-25 [136 1069 150 1069]
line-26 [347 1081 363 1081]
line-27 [66 1083 119 1083]
line-30 [62 1075 133 1075]
line-32 [54 1061 103 1061]
line-36 [229 1078 287 1078]
line-39 [364 1067 372 1067]
line-41 [292 1079 310 1079]
line-45 [329 1089 356 1089]
line-46 [180 1085 211 1085]
line-56 [526 948 551 931]
line-57 [121 1069 135 1069]
line-58 [284 1087 290 1087]
line-64 [291 1088 318 1088]
line-69 [96 1068 108 1068]
line-73 [333 1073 357 1073]
line-79 [163 1070 183 1070]
line-97 [271 1087 277 1087]
line-99 [2 1081 15 1081]
line-103 [151 1069 162 1069]
