line-0 [141 1076 183 1076]
line-1 [301 1088 336 1088]
line-2 [78 1083 122 1083]
line-3 [47 1068 118 1068]
line-5 [54 1061 106 1061]
line-6 [243 1078 271 1078]
line-7 [107 1062 192 1062]
line-8 [8 1074 76 1074]
line-9 [222 1086 230 1086]
line-13 [285 1078 293 1078]
line-16 [18 1082 72 1082]
line-17 [123 1084 171 1084]
line-18 [315 1080 337 1080]
line-20 [77 1075 140 1075]
line-21 [177 1085 219 1085]
line-22 [139 1069 173 1069]
line-23 [185 1077 233 1077]
line-25 [547 934 555 929]
line-33 [535 942 547 933]
line-38 [334 1073 360 1073]
line-44 [269 1087 295 1087]
line-45 [344 1066 352 1066]
line-49 [521 952 536 940]
line-50 [256 1086 264 1086]
line-53 [0 1081 17 1081]
line-61 [340 1089 346 1089]
line-68 [358 1066 369 1066]
line-71 [309 1079 314 1079]
line-74 [303 1079 308 1079]
line-76 [0 1073 7 1073]
line-77 [244 1086 252 1086]
