line-0 [8 1074 49 1074]
line-1 [172 1085 215 1085]
line-2 [348 1081 363 1081]
line-3 [276 1087 295 1087]
line-5 [172 1070 183 1070]
line-6 [334 1073 341 1073]
line-8 [293 1079 330 1080]
line-9 [136 1062 191 1062]
line-12 [55 1068 109 1068]
line-14 [91 1083 101 1083]
line-17 [117 1069 171 1069]
line-19 [73 1075 90 1075]
line-20 [336 1066 364 1066]
line-23 [178 1077 198 1077]
line-27 [45 1082 73 1082]
line-28 [91 1075 135 1075]
line-29 [148 1084 165 1084]
line-32 [216 1086 267 1086]
line-34 [17 1082 44 1082]
line-40 [296 1088 335 1088]
line-41 [199 1077 214 1077]
line-43 [230 1078 290 1078]
line-47 [121 1062 135 1062]
line-49 [345 1089 353 1089]
line-51 [154 1076 173 1076]
line-56 [54 1061 106 1061]
line-69 [541 938 548 933]
line-72 [358 1074 366 1074]
line-73 [0 1081 16 1081]
line-76 [331 1080 347 1080]
line-79 [126 1084 147 1084]
line-83 [102 1083 121 1083]
line-86 [521 952 529 946]
line-91 [342 1073 357 1073]
line-94 [221 1077 229 1077]
