line-0 [101 1075 136 1075]
line-1 [71 1083 109 1083]
line-3 [106 1062 191 1062]
line-6 [74 1068 118 1068]
line-9 [174 1085 210 1085]
line-11 [215 1077 231 1077]
line-15 [112 1083 122 1083]
line-18 [74 1075 89 1075]
line-19 [44 1074 58 1074]
line-22 [243 1086 268 1086]
line-25 [119 1069 171 1069]
line-30 [141 1084 159 1084]
line-32 [318 1080 338 1080]
line-33 [148 1076 176 1076]
line-35 [333 1073 338 1073]
line-36 [300 1079 308 1079]
line-37 [244 1078 292 1078]
line-39 [54 1061 105 1061]
line-44 [272 1087 296 1087]
line-49 [186 1077 214 1077]
line-51 [336 1066 370 1066]
line-52 [297 1088 337 1088]
line-53 [216 1086 232 1086]
line-55 [17 1082 70 1082]
line-56 [348 1081 363 1081]
line-64 [59 1074 73 1074]
line-71 [344 1073 352 1073]
line-77 [20 1074 34 1074]
line-82 [353 1073 360 1073]
line-83 [338 1089 359 1089]
line-86 [0 1073 11 1073]
line-95 [160 1084 173 1084]
line-98 [47 1068 73 1068]
line-99 [4 1081 16 1081]
