line-0 [47 1074 75 1074]
line-2 [26 1082 62 1082]
line-4 [116 1062 191 1062]
line-9 [130 1069 173 1069]
line-10 [175 1085 218 1085]
line-14 [13 1074 46 1074]
line-18 [46 1068 119 1068]
line-20 [71 1083 124 1083]
line-23 [279 1078 287 1078]
line-24 [158 1076 186 1076]
line-27 [76 1075 139 1075]
line-29 [188 1077 236 1077]
line-31 [273 1087 299 1087]
line-32 [219 1085 225 1085]
line-33 [54 1061 106 1061]
line-35 [338 1066 371 1066]
line-44 [346 1073 354 1073]
line-48 [321 1080 363 1081]
line-58 [294 1079 302 1079]
line-59 [226 1086 268 1086]
line-60 [300 1088 336 1088]
line-64 [125 1084 174 1084]
line-75 [237 1078 278 1078]
line-78 [0 1073 12 1073]
line-84 [337 1089 359 1089]
line-91 [0 1081 9 1081]
line-92 [140 1076 157 1076]
