line-0 [236 1078 288 1078]
line-1 [23 1082 73 1082]
line-2 [342 1089 359 1089]
line-3 [123 1068 143 1069]
line-7 [308 1088 337 1088]
line-8 [247 1086 265 1086]
line-10 [77 1075 140 1075]
line-11 [351 1081 358 1081]
line-18 [74 1083 110 1083]
line-19 [340 1066 371 1066]
line-21 [47 1068 120 1068]
line-26 [333 1073 364 1073]
line-28 [121 1062 163 1062]
line-31 [15 1074 76 1074]
line-32 [125 1084 155 1084]
line-37 [54 1061 106 1061]
line-38 [111 1083 121 1083]
line-40 [206 1085 220 1085]
line-44 [551 931 575 920]
line-46 [0 1081 18 1081]
line-48 [269 1087 299 1087]
line-56 [321 1080 350 1080]
line-67 [295 1079 320 1079]
line-80 [213 1077 235 1077]
line-81 [229 1086 246 1086]
