line-0 [179 1085 229 1085]
line-1 [18 1074 40 1074]
line-4 [138 1062 190 1062]
line-5 [200 1077 256 1077]
line-7 [341 1073 370 1073]
line-8 [90 1068 108 1068]
line-10 [322 1088 347 1088]
line-12 [105 1083 115 1083]
line-15 [53 1061 134 1061]
line-16 [152 1069 184 1069]
line-17 [42 1074 56 1074]
line-18 [155 1076 165 1076]
line-20 [27 1082 72 1082]
line-26 [328 1080 339 1080]
line-27 [257 1077 268 1077]
line-28 [292 1087 313 1087]
line-32 [230 1085 235 1085]
line-33 [90 1083 100 1083]
line-40 [73 1082 86 1082]
line-41 [92 1075 152 1075]
line-44 [553 929 566 924]
line-45 [336 1065 348 1065]
line-49 [242 1086 250 1086]
line-50 [269 1078 297 1078]
line-54 [149 1084 168 1084]
line-56 [349 1066 373 1066]
line-59 [340 1080 354 1080]
line-61 [77 1074 87 1074]
line-62 [129 1069 151 1069]
line-63 [523 949 549 931]
line-66 [123 1083 133 1083]
line-74 [59 1068 78 1068]
line-77 [251 1086 279 1086]
line-79 [166 1076 182 1076]
line-81 [302 1079 327 1079]
line-86 [3 1081 26 1081]
line-95 [65 1074 75 1074]
line-99 [0 1073 16 1073]
