line-0 [43 1074 72 1074]
line-1 [78 1061 134 1061]
line-2 [152 1084 178 1084]
line-4 [280 1087 310 1087]
line-6 [59 1082 89 1082]
line-9 [16 1074 40 1074]
line-10 [237 1077 265 1077]
line-11 [138 1062 192 1062]
line-18 [235 1086 279 1086]
line-19 [91 1075 156 1075]
line-22 [92 1068 125 1068]
line-26 [134 1069 184 1069]
line-27 [90 1083 151 1083]
line-32 [334 1073 342 1073]
line-39 [338 1080 362 1080]
line-41 [179 1085 234 1085]
line-43 [28 1082 45 1082]
line-44 [228 1077 236 1077]
line-47 [65 1068 76 1068]
line-52 [311 1088 346 1088]
line-57 [210 1077 227 1077]
line-58 [273 1078 302 1078]
line-59 [351 1066 373 1066]
line-61 [157 1076 189 1076]
line-72 [343 1073 369 1073]
line-86 [347 1089 353 1089]
line-87 [3 1081 27 1081]
line-89 [53 1061 65 1061]
line-99 [82 1068 91 1068]
line-101 [527 947 536 939]
line-102 [340 1065 350 1065]
line-107 [303 1079 326 1079]
