line-0 [219 1077 264 1077]
line-1 [152 1084 178 1084]
line-2 [0 1073 12 1073]
line-3 [102 1061 131 1061]
line-4 [236 1086 276 1086]
line-11 [82 1068 116 1068]
line-13 [15 1074 89 1074]
line-17 [87 1083 148 1083]
line-18 [30 1082 79 1082]
line-24 [179 1085 216 1085]
line-25 [132 1062 192 1062]
line-26 [151 1069 165 1069]
line-29 [90 1075 150 1075]
line-32 [526 947 538 939]
line-36 [176 1069 184 1069]
line-39 [287 1078 301 1078]
line-44 [336 1088 346 1088]
line-47 [174 1076 191 1076]
line-48 [557 928 562 926]
line-53 [53 1061 101 1061]
line-56 [279 1087 309 1087]
line-62 [4 1081 29 1081]
line-63 [129 1069 147 1069]
line-66 [303 1079 324 1079]
line-67 [577 919 591 914]
line-75 [201 1077 211 1077]
line-82 [325 1080 360 1080]
line-86 [50 1068 57 1068]
line-91 [350 1066 373 1066]
line-96 [347 1089 357 1089]
line-99 [58 1068 76 1068]
line-100 [310 1088 318 1088]
line-101 [217 1085 224 1085]
