line-0 [211 1077 267 1077]
line-1 [31 1081 88 1082]
line-3 [313 1088 331 1088]
line-6 [93 1061 139 1061]
line-7 [195 1077 201 1077]
line-10 [153 1076 181 1076]
line-14 [237 1086 264 1086]
line-15 [284 1078 301 1078]
line-17 [127 1069 184 1069]
line-21 [18 1074 97 1074]
line-24 [140 1062 192 1062]
line-26 [98 1075 152 1075]
line-27 [83 1068 126 1068]
line-31 [94 1083 150 1083]
line-34 [181 1085 236 1085]
line-42 [53 1061 90 1061]
line-48 [328 1080 362 1080]
line-49 [151 1084 168 1084]
line-52 [278 1087 312 1087]
line-57 [6 1081 29 1081]
line-62 [552 930 563 925]
line-71 [76 1067 82 1067]
line-74 [528 945 550 931]
line-75 [352 1066 373 1066]
line-76 [302 1079 327 1079]
line-80 [577 919 591 914]
line-84 [54 1068 75 1068]
line-93 [0 1073 17 1073]
line-94 [182 1076 194 1076]
