line-0 [142 1076 178 1076]
line-1 [90 1083 124 1083]
line-2 [221 1086 255 1086]
line-3 [54 1061 110 1062]
line-4 [242 1078 269 1078]
line-6 [256 1086 271 1086]
line-7 [363 1074 368 1074]
line-8 [26 1074 40 1074]
line-9 [45 1068 117 1068]
line-10 [117 1062 192 1062]
line-13 [332 1080 352 1080]
line-14 [77 1075 141 1075]
line-17 [184 1077 241 1077]
line-18 [118 1069 177 1069]
line-23 [312 1088 330 1088]
line-27 [18 1082 45 1082]
line-28 [342 1089 350 1089]
line-30 [41 1074 76 1074]
line-35 [129 1084 172 1084]
line-38 [353 1073 362 1073]
line-41 [521 951 528 946]
line-43 [173 1085 220 1085]
line-44 [346 1066 371 1066]
line-50 [272 1087 302 1087]
line-55 [530 944 538 939]
line-59 [270 1078 292 1078]
line-62 [0 1081 17 1081]
line-67 [295 1079 315 1079]
line-68 [333 1073 352 1073]
line-71 [63 1082 85 1083]
line-76 [566 924 573 921]
line-79 [355 1081 361 1081]
