line-0 [177 1085 226 1085]
line-1 [202 1077 258 1077]
line-5 [95 1068 113 1068]
line-6 [133 1062 178 1062]
line-7 [279 1087 302 1087]
line-10 [41 1082 85 1082]
line-13 [89 1075 150 1075]
line-16 [122 1069 184 1069]
line-18 [53 1061 132 1061]
line-22 [18 1074 88 1074]
line-24 [45 1068 76 1068]
line-29 [354 1073 362 1073]
line-32 [292 1078 300 1078]
line-35 [183 1076 190 1076]
line-38 [86 1083 138 1083]
line-39 [25 1082 38 1082]
line-42 [324 1080 354 1080]
line-43 [574 920 580 918]
line-48 [523 949 548 932]
line-49 [313 1088 332 1088]
line-51 [303 1079 310 1079]
line-54 [235 1086 278 1086]
line-55 [151 1076 166 1076]
line-59 [334 1073 353 1073]
line-63 [351 1066 373 1066]
line-66 [273 1078 287 1078]
line-70 [155 1084 176 1084]
line-73 [1 1081 24 1081]
line-87 [336 1065 349 1065]
line-89 [303 1087 309 1087]
line-92 [0 1073 17 1073]
line-94 [171 1076 182 1076]
