line-0 [15 1074 70 1074]
line-1 [85 1083 137 1083]
line-2 [313 1088 341 1088]
line-5 [149 1062 192 1062]
line-8 [40 1082 84 1082]
line-12 [126 1069 181 1069]
line-17 [85 1075 150 1075]
line-18 [45 1068 121 1068]
line-20 [222 1077 250 1077]
line-28 [216 1085 224 1085]
line-29 [253 1078 302 1078]
line-32 [53 1061 126 1061]
line-40 [324 1080 358 1080]
line-42 [580 918 586 916]
line-43 [156 1076 184 1076]
line-45 [232 1086 256 1086]
line-47 [154 1084 176 1084]
line-52 [177 1085 215 1085]
line-54 [530 944 544 935]
line-61 [525 948 532 943]
line-63 [278 1087 306 1087]
line-73 [3 1081 12 1081]
line-77 [13 1081 22 1081]
line-83 [573 921 579 918]
line-85 [303 1079 323 1079]
line-87 [191 1077 202 1077]
line-92 [130 1062 148 1062]
line-97 [350 1089 360 1089]
line-98 [31 1082 39 1082]
