line-0 [15 1074 69 1074]
line-1 [129 1084 162 1084]
line-2 [296 1079 321 1079]
line-7 [45 1068 118 1068]
line-10 [276 1087 304 1087]
line-11 [194 1077 250 1077]
line-13 [105 1075 133 1075]
line-14 [91 1061 127 1061]
line-15 [215 1085 223 1085]
line-19 [151 1076 169 1076]
line-20 [21 1082 77 1082]
line-29 [89 1075 103 1075]
line-32 [308 1088 344 1088]
line-33 [119 1069 184 1069]
line-36 [179 1076 188 1076]
line-37 [128 1062 192 1062]
line-42 [85 1083 128 1083]
line-45 [337 1073 345 1073]
line-53 [346 1066 373 1066]
line-55 [59 1061 87 1061]
line-58 [290 1078 295 1078]
line-60 [232 1086 270 1086]
line-61 [134 1075 146 1075]
line-63 [324 1080 361 1080]
line-67 [178 1085 186 1085]
line-77 [531 944 538 938]
line-87 [0 1081 20 1081]
line-91 [0 1073 14 1073]
line-92 [187 1085 214 1085]
line-93 [260 1078 289 1078]
line-96 [520 952 528 945]
line-97 [346 1073 362 1073]
