line-0 [275 1078 303 1078]
line-1 [181 1085 222 1085]
line-2 [151 1062 192 1062]
line-3 [83 1068 114 1068]
line-5 [223 1085 236 1085]
line-10 [207 1077 247 1077]
line-11 [53 1061 137 1061]
line-17 [248 1077 274 1077]
line-21 [29 1082 91 1082]
line-25 [132 1069 148 1069]
line-26 [313 1088 331 1088]
line-27 [111 1075 155 1075]
line-28 [92 1083 151 1083]
line-31 [149 1069 184 1069]
line-33 [18 1074 29 1074]
line-36 [329 1080 362 1080]
line-37 [156 1076 183 1076]
line-42 [152 1084 174 1084]
line-46 [94 1075 110 1075]
line-47 [51 1074 93 1074]
line-53 [319 1079 327 1079]
line-54 [237 1086 279 1086]
line-59 [2 1081 28 1081]
line-64 [557 928 562 925]
line-66 [344 1088 349 1088]
line-68 [280 1087 312 1087]
line-70 [6 1073 16 1073]
line-72 [352 1066 373 1066]
line-78 [55 1067 65 1068]
line-82 [544 935 557 927]
line-83 [520 952 536 939]
line-86 [36 1074 50 1074]
line-93 [198 1077 205 1077]
line-96 [138 1062 148 1062]
line-98 [337 1065 351 1065]
line-102 [115 1068 125 1068]
line-103 [49 1068 54 1068]
