line-0 [141 1076 186 1076]
line-1 [90 1083 124 1083]
line-2 [54 1061 106 1061]
line-7 [108 1062 192 1062]
line-10 [175 1085 210 1085]
line-15 [76 1068 119 1068]
line-16 [137 1069 151 1069]
line-23 [21 1074 39 1074]
line-24 [173 1070 183 1070]
line-25 [18 1082 55 1082]
line-30 [308 1079 316 1079]
line-33 [232 1078 292 1078]
line-36 [60 1074 74 1074]
line-37 [75 1075 140 1075]
line-38 [220 1086 267 1086]
line-40 [555 929 560 927]
line-42 [125 1084 168 1084]
line-43 [50 1074 59 1074]
line-49 [188 1077 231 1077]
line-61 [40 1074 49 1074]
line-64 [268 1087 295 1087]
line-68 [120 1069 136 1069]
line-73 [527 947 549 932]
line-74 [74 1083 83 1083]
line-88 [10 1074 20 1074]
line-96 [152 1069 172 1069]
