line-0 [174 1077 226 1077]
line-1 [14 1082 62 1082]
line-3 [292 1079 329 1080]
line-4 [63 1068 107 1068]
line-6 [108 1069 172 1069]
line-9 [268 1087 293 1087]
line-10 [139 1084 167 1084]
line-12 [125 1062 181 1062]
line-20 [1 1074 71 1074]
line-21 [239 1078 267 1078]
line-26 [352 1066 370 1066]
line-27 [66 1083 119 1083]
line-29 [72 1075 134 1075]
line-31 [54 1061 102 1061]
line-38 [294 1088 309 1088]
line-39 [214 1086 265 1086]
line-43 [135 1076 173 1076]
line-51 [549 932 564 925]
line-52 [170 1085 199 1085]
line-60 [333 1073 361 1073]
line-65 [529 946 543 935]
line-75 [348 1081 364 1081]
line-79 [320 1088 334 1088]
line-86 [521 952 530 944]
line-87 [335 1089 355 1089]
line-88 [120 1084 138 1084]
line-89 [202 1085 210 1085]
