line-0 [239 1078 284 1078]
line-1 [15 1082 55 1082]
line-2 [333 1073 350 1073]
line-5 [296 1088 324 1088]
line-10 [53 1075 129 1075]
line-11 [131 1062 180 1062]
line-12 [344 1081 356 1081]
line-16 [16 1074 30 1074]
line-17 [47 1068 106 1068]
line-18 [336 1066 366 1066]
line-20 [55 1061 102 1061]
line-21 [164 1085 203 1085]
line-26 [56 1083 111 1083]
line-28 [204 1086 263 1086]
line-30 [179 1077 221 1077]
line-34 [107 1069 156 1069]
line-38 [112 1084 163 1084]
line-41 [35 1074 52 1074]
line-42 [137 1076 165 1076]
line-45 [529 945 539 939]
line-50 [157 1070 184 1070]
line-51 [311 1080 343 1080]
line-54 [325 1089 352 1089]
line-59 [264 1087 289 1087]
line-66 [285 1079 310 1079]
line-70 [555 929 560 927]
line-78 [103 1062 120 1062]
line-92 [538 939 554 930]
