line-0 [9 1074 52 1074]
line-1 [98 1062 150 1062]
line-2 [19 1082 54 1082]
line-3 [264 1087 294 1087]
line-5 [311 1080 333 1080]
line-10 [55 1083 110 1083]
line-11 [127 1084 137 1084]
line-12 [103 1075 128 1075]
line-13 [204 1077 223 1077]
line-14 [156 1070 183 1070]
line-15 [145 1084 163 1084]
line-18 [47 1068 106 1068]
line-20 [204 1086 263 1086]
line-21 [325 1089 352 1089]
line-22 [54 1061 92 1061]
line-23 [129 1076 177 1076]
line-25 [224 1078 282 1078]
line-28 [0 1081 14 1081]
line-32 [164 1085 203 1085]
line-33 [65 1075 102 1075]
line-36 [117 1069 155 1069]
line-37 [155 1062 171 1062]
line-38 [339 1066 366 1066]
line-41 [308 1088 314 1088]
line-42 [113 1084 123 1084]
line-51 [178 1077 188 1077]
line-60 [333 1073 351 1073]
line-61 [295 1088 307 1088]
line-63 [181 1063 192 1063]
line-65 [343 1081 363 1081]
line-67 [283 1079 310 1079]
line-75 [352 1074 366 1074]
