line-0 [0 1073 7 1073]
line-1 [66 1083 118 1083]
line-2 [69 1075 125 1075]
line-3 [286 1079 309 1079]
line-4 [324 1080 342 1080]
line-7 [333 1073 357 1073]
line-11 [96 1068 110 1068]
line-12 [219 1086 245 1086]
line-13 [349 1081 357 1081]
line-17 [134 1062 170 1062]
line-20 [336 1066 368 1066]
line-21 [305 1088 329 1088]
line-22 [295 1088 303 1088]
line-27 [273 1087 283 1087]
line-30 [19 1082 56 1082]
line-38 [230 1078 285 1078]
line-40 [118 1069 156 1069]
line-42 [312 1080 320 1080]
line-47 [68 1068 82 1068]
line-49 [8 1074 25 1074]
line-54 [140 1076 150 1076]
line-57 [118 1062 133 1062]
line-59 [55 1061 103 1061]
line-64 [253 1086 263 1086]
line-73 [358 1081 363 1081]
line-75 [330 1089 338 1089]
line-84 [119 1084 156 1084]
line-85 [344 1089 352 1089]
line-88 [247 1086 252 1086]
line-90 [31 1074 59 1074]
line-95 [267 1087 272 1087]
line-99 [0 1081 18 1081]
line-104 [47 1068 67 1068]
line-107 [105 1062 117 1062]
