line-0 [298 1079 320 1079]
line-1 [161 1062 192 1062]
line-2 [21 1082 67 1082]
line-3 [93 1075 145 1075]
line-4 [333 1073 363 1073]
line-7 [47 1068 119 1068]
line-10 [271 1087 300 1087]
line-12 [53 1061 107 1061]
line-16 [246 1078 269 1078]
line-18 [148 1084 204 1085]
line-19 [191 1077 245 1077]
line-29 [120 1069 180 1069]
line-31 [80 1083 130 1083]
line-33 [52 1074 70 1074]
line-38 [146 1076 190 1076]
line-39 [286 1078 294 1078]
line-41 [252 1086 270 1086]
line-45 [229 1086 245 1086]
line-46 [116 1062 142 1062]
line-48 [528 946 554 929]
line-50 [33 1074 47 1074]
line-52 [343 1066 372 1066]
line-53 [301 1088 338 1088]
line-62 [345 1089 353 1089]
line-69 [0 1081 20 1081]
line-71 [131 1084 147 1084]
line-73 [205 1085 220 1085]
line-74 [321 1080 353 1080]
line-86 [12 1074 24 1074]
line-87 [274 1078 282 1078]
line-89 [82 1075 92 1075]
