line-0 [261 1078 298 1078]
line-1 [26 1082 77 1082]
line-4 [59 1061 115 1061]
line-5 [45 1068 123 1068]
line-6 [190 1077 238 1077]
line-7 [177 1085 206 1085]
line-14 [281 1087 337 1088]
line-17 [79 1083 128 1083]
line-20 [122 1062 192 1062]
line-25 [84 1075 98 1075]
line-28 [158 1076 189 1076]
line-29 [15 1074 83 1074]
line-33 [133 1069 180 1069]
line-38 [546 934 553 930]
line-41 [333 1073 369 1073]
line-43 [153 1084 176 1084]
line-46 [120 1075 138 1075]
line-49 [324 1080 358 1080]
line-51 [347 1066 372 1066]
line-55 [230 1086 276 1086]
line-64 [1 1081 25 1081]
line-73 [530 944 538 939]
line-78 [300 1079 314 1079]
line-95 [540 937 545 934]
line-97 [525 948 531 944]
line-100 [208 1085 214 1085]
line-101 [124 1069 132 1069]
