line-0 [102 1075 143 1075]
line-1 [34 1082 79 1082]
line-2 [337 1065 347 1065]
line-6 [144 1076 188 1076]
line-7 [120 1062 192 1062]
line-8 [249 1078 268 1078]
line-9 [307 1088 335 1088]
line-10 [212 1085 220 1085]
line-12 [136 1069 150 1069]
line-13 [121 1069 135 1069]
line-14 [113 1083 133 1083]
line-16 [152 1069 166 1069]
line-20 [46 1068 120 1068]
line-24 [0 1081 20 1081]
line-26 [53 1061 117 1061]
line-27 [15 1074 77 1074]
line-33 [179 1085 207 1085]
line-34 [358 1066 368 1066]
line-36 [189 1077 248 1077]
line-37 [137 1084 176 1084]
line-42 [0 1073 14 1073]
line-46 [320 1080 357 1080]
line-51 [256 1086 264 1086]
line-53 [343 1089 351 1089]
line-56 [542 936 559 927]
line-58 [351 1073 359 1073]
line-60 [274 1087 301 1087]
line-68 [80 1083 112 1083]
line-69 [360 1073 365 1073]
line-74 [228 1086 255 1086]
line-76 [521 952 534 941]
line-78 [222 1085 227 1085]
line-87 [290 1078 298 1078]
line-89 [173 1069 179 1069]
line-90 [566 924 576 920]
line-95 [299 1079 319 1079]
line-97 [335 1073 343 1073]
