line-0 [148 1076 197 1076]
line-1 [89 1083 145 1083]
line-2 [310 1088 328 1088]
line-4 [350 1066 373 1066]
line-6 [132 1069 177 1069]
line-12 [16 1074 37 1074]
line-14 [4 1081 26 1081]
line-16 [87 1075 104 1075]
line-17 [53 1061 131 1061]
line-18 [204 1077 248 1077]
line-23 [50 1068 131 1068]
line-25 [48 1074 86 1074]
line-31 [256 1086 264 1086]
line-36 [132 1062 192 1062]
line-38 [365 1073 370 1073]
line-39 [54 1082 82 1082]
line-40 [180 1085 232 1085]
line-42 [281 1078 301 1078]
line-52 [335 1080 345 1080]
line-53 [159 1084 179 1084]
line-67 [349 1073 357 1073]
line-68 [105 1075 147 1075]
line-77 [233 1086 247 1086]
line-78 [279 1087 309 1087]
line-84 [536 940 542 936]
line-88 [262 1078 276 1078]
line-95 [302 1079 325 1079]
line-102 [333 1073 343 1073]
line-104 [265 1086 277 1086]
line-106 [343 1089 359 1089]
line-107 [0 1073 15 1073]
line-111 [326 1080 334 1080]
line-113 [520 952 526 947]
line-117 [336 1065 349 1065]
