line-0 [179 1085 229 1085]
line-1 [268 1078 300 1078]
line-3 [65 1061 117 1061]
line-7 [343 1089 359 1089]
line-8 [166 1062 180 1062]
line-9 [61 1068 117 1068]
line-10 [301 1079 322 1079]
line-15 [80 1083 140 1083]
line-16 [148 1076 193 1076]
line-18 [252 1086 270 1086]
line-25 [42 1074 84 1074]
line-30 [350 1073 368 1073]
line-32 [135 1069 184 1069]
line-33 [230 1086 251 1086]
line-34 [0 1081 25 1081]
line-37 [85 1075 147 1075]
line-38 [26 1082 79 1082]
line-41 [195 1077 246 1077]
line-45 [133 1062 143 1062]
line-49 [277 1087 309 1087]
line-50 [144 1084 178 1084]
line-56 [548 933 554 929]
line-58 [314 1088 342 1088]
line-60 [16 1074 39 1074]
line-61 [520 952 538 938]
line-63 [323 1080 358 1080]
line-65 [149 1062 165 1062]
line-71 [119 1061 126 1061]
line-76 [118 1068 127 1068]
line-79 [350 1066 368 1066]
line-87 [541 936 548 932]
line-90 [2 1073 15 1073]
