line-0 [198 1076 233 1076]
line-1 [302 1087 332 1087]
line-2 [239 1077 271 1077]
line-6 [0 1080 15 1080]
line-8 [24 1073 38 1073]
line-9 [167 1069 182 1069]
line-10 [68 1067 111 1067]
line-11 [131 1061 180 1061]
line-12 [218 1085 226 1085]
line-13 [316 1079 344 1079]
line-15 [106 1061 130 1061]
line-16 [16 1081 59 1082]
line-18 [54 1073 68 1073]
line-19 [335 1065 372 1065]
line-21 [120 1075 178 1075]
line-24 [112 1068 166 1068]
line-26 [54 1060 105 1060]
line-30 [112 1083 170 1083]
line-33 [65 1082 111 1082]
line-34 [171 1084 213 1084]
line-36 [346 1088 354 1088]
line-38 [76 1074 119 1074]
line-46 [266 1086 301 1086]
line-47 [336 1072 344 1072]
line-56 [230 1085 238 1085]
line-58 [249 1085 257 1085]
line-60 [354 1080 362 1080]
line-62 [287 1078 315 1078]
line-63 [186 1076 196 1076]
line-76 [46 1067 67 1067]
line-81 [4 1073 23 1073]
