line-0 [93 1083 127 1083]
line-2 [48 1074 96 1074]
line-3 [133 1083 160 1083]
line-4 [336 1073 369 1073]
line-5 [84 1068 91 1068]
line-6 [80 1061 121 1061]
line-9 [276 1078 304 1078]
line-10 [241 1086 269 1086]
line-16 [9 1081 37 1081]
line-20 [146 1075 156 1075]
line-22 [0 1073 14 1073]
line-32 [92 1068 147 1068]
line-33 [157 1076 220 1076]
line-34 [560 926 565 924]
line-36 [361 1066 373 1066]
line-37 [200 1085 237 1085]
line-44 [42 1082 92 1082]
line-46 [47 1067 68 1067]
line-48 [221 1077 273 1077]
line-49 [150 1069 184 1069]
line-52 [286 1087 314 1087]
line-55 [335 1065 354 1065]
line-60 [333 1080 362 1080]
line-61 [165 1084 187 1084]
line-62 [97 1075 128 1075]
line-63 [315 1088 347 1088]
line-65 [179 1062 192 1062]
line-66 [28 1073 36 1073]
line-68 [122 1061 138 1061]
line-69 [75 1067 83 1067]
line-73 [305 1079 332 1079]
line-74 [538 938 558 927]
line-82 [145 1061 153 1061]
line-87 [64 1060 79 1060]
line-92 [159 1062 174 1062]
line-96 [129 1075 145 1075]
line-98 [520 951 539 938]
