line-0 [241 1077 289 1077]
line-1 [54 1060 88 1060]
line-2 [175 1084 213 1084]
line-7 [47 1067 93 1067]
line-11 [64 1074 78 1074]
line-12 [326 1079 344 1079]
line-14 [305 1087 331 1087]
line-16 [122 1068 136 1068]
line-17 [105 1061 176 1061]
line-20 [64 1082 115 1082]
line-21 [5 1073 63 1073]
line-24 [341 1065 373 1065]
line-33 [271 1086 304 1086]
line-37 [131 1075 188 1075]
line-38 [342 1072 350 1072]
line-40 [137 1068 153 1068]
line-44 [117 1083 174 1083]
line-48 [0 1080 16 1080]
line-49 [189 1076 233 1076]
line-50 [232 1085 270 1085]
line-56 [17 1081 63 1081]
line-58 [94 1067 118 1067]
line-62 [79 1074 127 1074]
line-64 [334 1088 358 1088]
line-66 [348 1080 364 1080]
line-78 [290 1078 318 1078]
line-82 [169 1069 184 1069]
line-93 [94 1060 104 1060]
line-95 [155 1068 162 1068]
line-99 [362 1073 369 1073]
