line-0 [73 1074 113 1074]
line-1 [302 1087 328 1087]
line-2 [224 1085 267 1085]
line-3 [233 1077 272 1077]
line-6 [168 1062 191 1062]
line-7 [61 1082 75 1082]
line-8 [47 1067 100 1067]
line-9 [177 1084 205 1084]
line-11 [0 1073 60 1073]
line-13 [345 1065 355 1065]
line-17 [138 1061 167 1061]
line-19 [108 1068 164 1068]
line-21 [339 1072 347 1072]
line-23 [112 1083 168 1083]
line-30 [40 1081 56 1081]
line-32 [114 1075 171 1075]
line-35 [55 1060 104 1060]
line-42 [295 1078 315 1078]
line-45 [284 1086 290 1086]
line-46 [0 1080 13 1080]
line-47 [215 1085 223 1085]
line-50 [172 1076 232 1076]
line-63 [554 929 563 924]
line-64 [547 933 554 928]
line-65 [319 1079 327 1079]
line-72 [122 1061 130 1061]
line-73 [520 951 540 936]
line-76 [333 1079 341 1079]
line-78 [339 1088 347 1088]
line-83 [356 1065 372 1065]
line-86 [333 1072 338 1072]
line-87 [76 1082 101 1082]
line-91 [291 1086 301 1086]
line-94 [131 1061 137 1061]
line-97 [347 1080 356 1080]
line-99 [348 1088 353 1088]
line-100 [165 1069 183 1069]
