line-0 [190 1076 231 1076]
line-2 [118 1083 167 1083]
line-4 [47 1067 77 1067]
line-8 [289 1078 318 1078]
line-9 [64 1074 130 1074]
line-10 [6 1073 63 1073]
line-11 [105 1061 182 1061]
line-15 [196 1084 213 1084]
line-16 [101 1082 117 1082]
line-20 [335 1065 365 1065]
line-21 [333 1088 359 1089]
line-23 [335 1072 343 1072]
line-25 [63 1082 100 1082]
line-26 [124 1068 159 1068]
line-31 [54 1060 104 1060]
line-38 [17 1081 50 1081]
line-39 [321 1079 339 1079]
line-41 [232 1077 288 1077]
line-44 [302 1087 332 1087]
line-48 [254 1085 262 1085]
line-50 [155 1075 183 1075]
line-53 [271 1086 301 1086]
line-54 [348 1080 363 1080]
line-60 [263 1085 270 1085]
line-66 [0 1072 5 1072]
line-69 [141 1075 149 1075]
line-71 [91 1067 116 1067]
line-77 [217 1085 253 1085]
