line-0 [130 1075 162 1075]
line-1 [16 1081 60 1081]
line-11 [72 1067 111 1067]
line-14 [66 1074 80 1074]
line-17 [100 1082 116 1082]
line-21 [117 1083 174 1083]
line-22 [103 1061 156 1061]
line-23 [55 1073 63 1073]
line-24 [117 1068 183 1069]
line-33 [184 1076 226 1076]
line-35 [55 1060 102 1060]
line-43 [175 1084 215 1084]
line-44 [61 1082 99 1082]
line-45 [109 1074 126 1074]
line-51 [547 933 556 927]
line-53 [528 946 543 934]
line-68 [6 1073 54 1073]
line-73 [0 1080 9 1080]
line-74 [56 1067 71 1067]
line-78 [163 1061 173 1061]
