line-0 [1420 654 1427 654]
line-1 [1019 668 1025 668]
line-2 [1408 653 1417 653]
line-3 [1269 662 1288 661]
line-4 [1388 668 1409 668]
line-5 [821 670 831 670]
line-6 [1298 663 1320 663]
line-7 [1049 667 1054 667]
line-8 [941 676 948 676]
line-9 [1241 662 1252 662]
line-10 [1488 654 1496 654]
line-11 [1159 665 1167 665]
line-12 [1082 669 1091 669]
line-13 [768 676 804 676]
line-14 [552 662 559 662]
line-15 [974 670 980 670]
line-16 [1569 639 1577 639]
line-17 [1851 629 1870 629]
line-18 [1392 658 1397 658]
line-19 [778 668 783 668]
line-20 [901 782 901 737]
line-21 [522 672 538 672]
line-22 [928 670 940 670]
line-23 [574 672 599 672]
line-24 [1182 664 1189 664]
line-25 [865 671 887 671]
line-26 [1132 668 1138 668]
line-27 [1678 646 1688 646]
line-28 [1643 636 1660 636]
line-29 [1139 667 1146 667]
line-30 [1519 640 1524 640]
line-31 [831 669 845 669]
line-32 [1561 637 1567 637]
line-33 [1350 661 1364 661]
line-34 [858 679 866 679]
line-35 [764 667 771 667]
line-36 [997 668 1004 668]
line-37 [1731 630 1736 630]
line-38 [1149 665 1155 665]
line-39 [600 673 624 673]
line-40 [978 676 985 676]
line-41 [1570 664 1585 664]
line-42 [1690 643 1710 643]
line-43 [576 663 586 663]
line-44 [1190 665 1197 665]
line-45 [1168 666 1176 666]
line-46 [1530 637 1546 637]
line-47 [865 676 871 676]
line-48 [522 670 538 670]
line-49 [1681 639 1687 639]
line-50 [1690 635 1695 635]
line-51 [623 668 633 668]
line-52 [998 676 1014 676]
line-53 [1005 667 1011 667]
line-54 [1745 635 1752 635]
line-55 [489 717 512 745]
line-56 [958 675 963 675]
line-57 [1901 628 1906 628]
line-58 [1473 647 1483 647]
line-59 [1842 627 1848 627]
line-60 [499 669 518 669]
line-61 [1503 648 1508 648]
line-62 [896 733 896 726]
line-63 [484 668 498 668]
line-64 [519 660 538 660]
line-65 [617 663 622 663]
line-66 [1546 641 1556 641]
line-67 [543 666 562 666]
line-68 [1577 638 1587 638]
line-69 [901 725 901 686]
line-70 [891 771 891 766]
line-71 [1428 653 1440 653]
line-72 [1063 667 1073 667]
line-73 [1370 660 1375 660]
line-74 [592 664 602 664]
line-75 [1613 624 1635 624]
line-76 [928 676 933 676]
line-77 [744 668 749 668]
line-78 [900 668 910 668]
line-79 [881 677 886 677]
line-80 [1493 651 1506 651]
line-81 [584 377 597 370]
line-82 [823 674 834 674]
line-83 [1516 636 1521 636]
line-84 [1057 667 1062 667]
line-85 [892 764 893 747]
line-86 [1335 662 1340 662]
line-87 [800 666 810 666]
line-88 [1872 630 1877 630]
line-89 [1118 668 1126 668]
line-90 [1591 638 1602 638]
line-91 [811 668 820 668]
line-92 [1774 626 1782 626]
line-93 [506 660 514 660]
line-94 [898 705 898 696]
line-95 [1476 645 1481 645]
line-96 [1441 653 1446 652]
line-97 [1412 647 1420 647]
line-98 [1332 670 1339 670]
line-99 [784 776 798 776]
line-100 [1566 657 1571 657]
line-101 [1708 634 1715 634]
line-102 [1335 667 1345 667]
line-103 [1678 644 1684 644]
line-104 [1495 636 1505 635]
line-105 [1326 670 1331 670]
line-106 [1340 669 1349 669]
line-107 [952 670 962 670]
line-108 [1321 662 1334 662]
line-109 [1498 653 1506 653]
line-110 [1855 623 1861 623]
line-111 [568 672 573 672]
line-112 [470 657 475 657]
line-113 [1198 663 1206 663]
line-114 [468 667 478 667]
line-115 [912 670 917 670]
line-116 [895 739 895 734]
line-117 [1914 631 1919 631]
line-118 [1230 665 1235 665]
line-119 [814 676 821 676]
line-120 [755 778 762 778]
line-121 [1177 665 1182 665]
line-122 [539 671 551 671]
line-123 [1489 643 1494 643]
line-124 [1151 677 1156 677]
line-125 [1294 765 1306 765]
line-126 [563 667 569 667]
line-127 [1496 649 1502 649]
