line-0 [849 669 861 669]
line-1 [719 668 728 668]
line-2 [1298 663 1317 663]
line-3 [1744 635 1750 635]
line-4 [1447 645 1456 645]
line-5 [951 670 963 670]
line-6 [866 671 875 671]
line-7 [1638 636 1653 636]
line-8 [1688 643 1704 643]
line-9 [1132 668 1138 668]
line-10 [844 670 849 670]
line-11 [911 673 916 673]
line-12 [901 783 901 734]
line-13 [1586 638 1600 638]
line-14 [800 666 810 666]
line-15 [468 667 477 667]
line-16 [1090 668 1095 668]
line-17 [1876 629 1881 629]
line-18 [753 668 760 668]
line-19 [1083 669 1089 669]
line-20 [517 660 538 660]
line-21 [1430 653 1447 653]
line-22 [1334 665 1343 665]
line-23 [1339 669 1351 669]
line-24 [1318 662 1340 662]
line-25 [881 677 886 677]
line-26 [1075 668 1082 668]
line-27 [1412 647 1427 646]
line-28 [1521 637 1526 637]
line-29 [1058 667 1074 667]
line-30 [1689 635 1695 635]
line-31 [1769 626 1779 626]
line-32 [1241 662 1252 662]
line-33 [764 667 771 667]
line-34 [1182 664 1189 664]
line-35 [732 668 739 668]
line-36 [1834 626 1841 626]
line-37 [1901 628 1907 628]
line-38 [1473 645 1478 645]
line-39 [1270 661 1286 661]
line-40 [896 732 896 727]
line-41 [811 668 820 668]
line-42 [1472 647 1482 647]
line-43 [1519 640 1524 640]
line-44 [1414 668 1425 668]
line-45 [1198 663 1205 663]
line-46 [996 668 1004 668]
line-47 [853 679 866 679]
line-48 [1118 668 1126 668]
line-49 [478 668 499 668]
line-50 [898 704 898 696]
line-51 [1147 665 1155 665]
line-52 [506 669 519 669]
line-53 [552 662 559 662]
line-54 [1190 665 1197 665]
line-55 [932 675 941 675]
line-56 [878 671 887 671]
line-57 [911 670 916 670]
line-58 [814 676 822 676]
line-59 [1168 666 1175 666]
line-60 [1509 635 1515 635]
line-61 [1612 624 1635 624]
line-62 [520 670 539 670]
line-63 [1407 653 1416 653]
line-64 [495 658 500 658]
line-65 [504 660 512 660]
line-66 [892 764 892 758]
line-67 [1564 657 1569 657]
line-68 [540 671 551 671]
line-69 [1755 629 1760 629]
line-70 [492 722 514 749]
line-71 [1493 651 1506 651]
line-72 [790 668 796 668]
line-73 [1865 627 1870 627]
line-74 [1381 660 1388 660]
line-75 [551 401 575 387]
line-76 [1351 661 1359 661]
line-77 [778 668 783 668]
line-78 [1107 667 1112 667]
line-79 [1398 668 1406 668]
line-80 [901 721 901 694]
line-81 [1542 660 1548 660]
line-82 [1720 633 1725 633]
line-83 [826 674 834 674]
line-84 [552 666 563 666]
line-85 [1347 664 1357 664]
line-86 [711 783 718 783]
line-87 [895 739 895 733]
line-88 [831 669 844 669]
line-89 [1158 665 1167 665]
line-90 [1550 659 1559 659]
line-91 [564 667 569 667]
line-92 [1535 637 1543 637]
line-93 [1850 629 1870 629]
line-94 [1547 639 1557 639]
line-95 [555 668 563 668]
line-96 [1672 646 1686 646]
line-97 [900 668 910 668]
line-98 [1325 670 1338 670]
line-99 [1577 638 1585 638]
line-100 [1335 667 1344 667]
line-101 [1677 644 1687 644]
line-102 [1019 668 1025 668]
line-103 [928 670 937 670]
line-104 [821 670 831 670]
line-105 [1679 639 1686 639]
line-106 [897 712 897 706]
line-107 [469 657 475 657]
line-108 [1668 658 1673 658]
line-109 [735 781 743 781]
line-110 [1855 623 1860 623]
line-111 [576 663 586 663]
line-112 [1393 656 1398 656]
line-113 [1654 636 1659 636]
line-114 [476 658 483 658]
line-115 [1235 664 1240 664]
line-116 [1004 667 1010 667]
line-117 [1392 668 1397 668]
line-118 [1519 664 1528 663]
line-119 [1849 624 1854 624]
line-120 [1176 665 1181 665]
line-121 [1568 639 1576 639]
line-122 [723 782 734 782]
line-123 [880 781 889 783]
line-124 [1287 704 1295 705]
line-125 [698 784 710 784]
line-126 [1561 637 1566 637]
line-127 [1342 661 1347 661]
line-128 [891 772 891 765]
line-129 [987 665 992 665]
line-130 [1367 661 1374 660]
