line-0 [930 670 940 670]
line-1 [1183 664 1189 664]
line-2 [744 668 749 668]
line-3 [1381 660 1389 660]
line-4 [941 671 950 671]
line-5 [1420 654 1427 654]
line-6 [1297 663 1327 663]
line-7 [1274 661 1292 661]
line-8 [552 662 559 662]
line-9 [1340 667 1345 667]
line-10 [801 666 810 666]
line-11 [478 668 497 668]
line-12 [773 676 804 676]
line-13 [1131 668 1138 668]
line-14 [530 660 538 660]
line-15 [1080 669 1091 669]
line-16 [1159 665 1166 665]
line-17 [1150 665 1155 665]
line-18 [934 675 940 675]
line-19 [1681 639 1687 639]
line-20 [1436 646 1446 646]
line-21 [1578 638 1596 638]
line-22 [1390 668 1410 668]
line-23 [1392 656 1398 656]
line-24 [1840 627 1847 627]
line-25 [901 668 910 668]
line-26 [866 671 887 671]
line-27 [814 676 821 676]
line-28 [1488 654 1494 654]
line-29 [877 677 889 677]
line-30 [997 668 1005 668]
line-31 [901 783 901 738]
line-32 [1538 667 1560 667]
line-33 [1534 637 1542 637]
line-34 [1242 662 1252 662]
line-35 [544 666 564 666]
line-36 [576 663 586 663]
line-37 [831 669 845 669]
line-38 [822 677 836 677]
line-39 [1474 647 1483 647]
line-40 [1019 668 1026 668]
line-41 [498 669 517 669]
line-42 [753 668 760 668]
line-43 [1563 666 1586 666]
line-44 [1618 624 1624 624]
line-45 [1190 665 1197 665]
line-46 [1351 661 1364 661]
line-47 [982 676 1014 676]
line-48 [951 670 962 670]
line-49 [1690 635 1695 635]
line-50 [764 667 771 667]
line-51 [1669 645 1676 645]
line-52 [1850 624 1856 624]
line-53 [1408 653 1416 653]
line-54 [1515 636 1520 636]
line-55 [1450 645 1457 645]
line-56 [1493 651 1502 651]
line-57 [1053 667 1069 667]
line-58 [1509 635 1514 635]
line-59 [1472 645 1479 645]
line-60 [490 718 509 742]
line-61 [1414 668 1424 668]
line-62 [1255 664 1260 664]
line-63 [1846 629 1870 629]
line-64 [1074 668 1079 668]
line-65 [1139 667 1146 667]
line-66 [843 677 850 677]
line-67 [811 668 820 668]
line-68 [1752 630 1758 630]
line-69 [1626 624 1632 624]
line-70 [1570 664 1586 664]
line-71 [945 677 952 677]
line-72 [1412 647 1420 647]
line-73 [1774 626 1782 626]
line-74 [897 719 897 713]
line-75 [1521 637 1526 637]
line-76 [1553 659 1558 659]
line-77 [807 674 812 674]
line-78 [901 686 901 702]
line-79 [601 665 607 665]
line-80 [1005 667 1010 667]
line-81 [477 658 483 658]
line-82 [1176 665 1182 665]
line-83 [758 778 772 778]
line-84 [1639 636 1649 636]
line-85 [790 668 795 668]
line-86 [592 664 601 664]
line-87 [1559 659 1564 658]
line-88 [1681 644 1688 644]
line-89 [1369 661 1375 660]
line-90 [892 764 892 757]
line-91 [1689 643 1709 643]
line-92 [1520 640 1525 640]
line-93 [601 673 620 673]
line-94 [522 670 538 670]
line-95 [851 679 866 679]
line-96 [1708 634 1721 634]
line-97 [1597 638 1603 638]
line-98 [894 747 895 734]
line-99 [911 673 917 673]
line-100 [1355 663 1364 663]
line-101 [1565 657 1570 657]
line-102 [1342 662 1350 662]
line-103 [856 677 864 677]
line-104 [898 700 899 688]
line-105 [1434 653 1442 653]
line-106 [826 674 834 674]
line-107 [850 669 861 669]
line-108 [539 661 544 661]
line-109 [841 679 850 679]
line-110 [344 522 352 533]
line-111 [1744 635 1752 635]
line-112 [1199 663 1205 663]
line-113 [1650 636 1660 636]
line-114 [772 669 777 669]
line-115 [352 535 366 552]
line-116 [1540 660 1552 660]
line-117 [1587 665 1593 665]
line-118 [468 667 477 667]
line-119 [1872 630 1877 630]
line-120 [519 660 528 660]
line-121 [825 670 831 670]
line-122 [773 777 787 777]
line-123 [1568 639 1577 639]
line-124 [1561 637 1566 637]
line-125 [1342 669 1347 669]
line-126 [837 676 842 676]
line-127 [901 707 901 714]
line-128 [896 733 896 720]
line-129 [1151 677 1156 677]
line-130 [1328 662 1340 662]
line-131 [470 657 475 657]
line-132 [1882 628 1887 628]
line-133 [555 668 564 668]
line-134 [1167 666 1175 666]
line-135 [508 660 514 660]
line-136 [531 663 536 663]
line-137 [902 784 910 784]
line-138 [1901 628 1906 628]
