line-0 [822 677 835 677]
line-1 [718 668 728 668]
line-2 [1298 663 1320 663]
line-3 [1049 667 1054 667]
line-4 [934 675 940 675]
line-5 [838 679 856 679]
line-6 [1074 668 1082 668]
line-7 [1277 661 1291 661]
line-8 [1689 635 1695 635]
line-9 [995 668 1004 668]
line-10 [1057 667 1074 667]
line-11 [881 677 887 677]
line-12 [1189 665 1197 665]
line-13 [953 675 961 675]
line-14 [1412 647 1424 647]
line-15 [1851 629 1869 629]
line-16 [1839 627 1846 627]
line-17 [929 670 963 670]
line-18 [717 674 722 674]
line-19 [1689 643 1709 643]
line-20 [539 671 551 671]
line-21 [821 670 831 670]
line-22 [499 669 519 669]
line-23 [470 657 476 657]
line-24 [865 676 880 676]
line-25 [901 731 901 687]
line-26 [1241 662 1252 662]
line-27 [1353 661 1361 661]
line-28 [1083 669 1090 669]
line-29 [1429 654 1441 653]
line-30 [519 660 535 660]
line-31 [1118 668 1126 668]
line-32 [978 676 984 676]
line-33 [1500 653 1505 653]
line-34 [1577 638 1599 638]
line-35 [709 667 717 667]
line-36 [522 672 538 672]
line-37 [1353 665 1360 665]
line-38 [1871 630 1877 630]
line-39 [1560 658 1570 657]
line-40 [1773 626 1782 626]
line-41 [823 674 832 674]
line-42 [479 668 498 668]
line-43 [543 666 565 666]
line-44 [446 656 451 656]
line-45 [831 669 844 669]
line-46 [1651 636 1659 636]
line-47 [1512 641 1518 641]
line-48 [1335 662 1340 662]
line-49 [877 671 887 671]
line-50 [1182 664 1188 664]
line-51 [552 662 559 662]
line-52 [1864 627 1869 627]
line-53 [1398 668 1409 668]
line-54 [1419 654 1425 654]
line-55 [1677 644 1688 644]
line-56 [1019 668 1026 668]
line-57 [1487 652 1492 652]
line-58 [1807 629 1816 629]
line-59 [1531 637 1537 637]
line-60 [1189 676 1200 676]
line-61 [1504 636 1513 635]
line-62 [1381 660 1391 660]
line-63 [576 663 586 663]
line-64 [946 677 951 677]
line-65 [1229 665 1235 665]
line-66 [790 668 795 668]
line-67 [468 667 478 667]
line-68 [1159 665 1166 665]
line-69 [1339 667 1344 667]
line-70 [1471 645 1478 645]
line-71 [899 693 899 687]
line-72 [891 772 891 766]
line-73 [1172 676 1181 676]
line-74 [1414 668 1430 668]
line-75 [1540 637 1545 637]
line-76 [865 671 875 671]
line-77 [753 668 760 668]
line-78 [1139 667 1146 667]
line-79 [1365 662 1370 661]
line-80 [1746 635 1751 635]
line-81 [814 676 821 676]
line-82 [1514 636 1519 636]
line-83 [904 677 909 677]
line-84 [764 667 771 667]
line-85 [1569 664 1585 664]
line-86 [1333 670 1339 670]
line-87 [1849 624 1854 624]
line-88 [800 666 807 666]
line-89 [1752 630 1758 630]
line-90 [900 668 909 668]
line-91 [508 660 514 660]
line-92 [1845 629 1850 629]
line-93 [893 752 893 747]
line-94 [1321 662 1327 662]
line-95 [1707 634 1717 634]
line-96 [1168 666 1176 666]
line-97 [901 751 901 740]
line-98 [1547 641 1556 641]
line-99 [1568 639 1577 639]
line-100 [493 725 505 739]
line-101 [1392 657 1399 656]
line-102 [1539 660 1551 660]
line-103 [811 668 818 668]
line-104 [898 694 898 705]
line-105 [1392 658 1397 658]
line-106 [1470 647 1475 647]
line-107 [1325 670 1332 670]
line-108 [543 408 552 402]
line-109 [1199 663 1206 663]
line-110 [1520 637 1525 637]
line-111 [1477 647 1484 647]
line-112 [1175 674 1182 674]
line-113 [769 779 778 779]
line-114 [857 679 866 679]
line-115 [1730 630 1735 630]
line-116 [1270 661 1275 661]
line-117 [1488 654 1499 654]
line-118 [1612 624 1621 624]
line-119 [1493 651 1505 651]
line-120 [897 718 897 711]
line-121 [1004 667 1010 667]
line-122 [884 783 890 783]
line-123 [507 741 513 748]
line-124 [836 676 844 676]
line-125 [1182 675 1188 675]
line-126 [1560 637 1566 637]
line-127 [1148 665 1155 665]
line-128 [1667 660 1673 660]
line-129 [1689 645 1695 645]
line-130 [1328 662 1334 662]
line-131 [529 670 538 670]
line-132 [1678 646 1687 646]
line-133 [1131 668 1138 668]
line-134 [852 669 859 669]
line-135 [555 668 565 668]
line-136 [901 784 901 764]
line-137 [1292 662 1297 662]
line-138 [1624 624 1630 624]
line-139 [1641 636 1650 636]
line-140 [911 673 916 673]
line-141 [911 670 917 670]
