line-0 [1388 668 1409 668]
line-1 [928 670 940 670]
line-2 [1847 629 1864 629]
line-3 [1431 653 1447 653]
line-4 [770 676 803 676]
line-5 [468 667 480 667]
line-6 [831 669 845 669]
line-7 [880 677 887 677]
line-8 [519 660 528 660]
line-9 [1519 640 1525 640]
line-10 [1298 663 1317 663]
line-11 [1473 647 1483 647]
line-12 [624 668 636 668]
line-13 [1318 662 1340 662]
line-14 [650 666 661 666]
line-15 [572 672 600 672]
line-16 [732 668 739 668]
line-17 [851 669 860 669]
line-18 [988 796 1003 798]
line-19 [1584 638 1605 637]
line-20 [1745 635 1752 635]
line-21 [1540 660 1551 660]
line-22 [1670 646 1687 646]
line-23 [800 666 810 666]
line-24 [477 658 484 658]
line-25 [823 674 833 674]
line-26 [1284 661 1292 661]
line-27 [552 662 559 662]
line-28 [1291 671 1301 671]
line-29 [669 667 679 667]
line-30 [520 670 538 670]
line-31 [602 673 629 673]
line-32 [638 667 643 667]
line-33 [896 727 896 720]
line-34 [1569 639 1577 639]
line-35 [1770 626 1782 626]
line-36 [506 669 519 669]
line-37 [1472 645 1480 645]
line-38 [1270 661 1283 661]
line-39 [940 788 945 788]
line-40 [1639 636 1657 636]
line-41 [901 781 901 739]
line-42 [1531 637 1545 637]
line-43 [637 669 646 669]
line-44 [744 668 749 668]
line-45 [951 670 962 670]
line-46 [633 673 643 673]
line-47 [545 666 562 666]
line-48 [1865 629 1870 629]
line-49 [1587 665 1604 665]
line-50 [506 660 514 660]
line-51 [996 668 1004 668]
line-52 [1235 664 1240 664]
line-53 [530 660 538 660]
line-54 [1570 664 1586 664]
line-55 [1492 651 1503 651]
line-56 [900 668 910 668]
line-57 [1284 671 1290 670]
line-58 [764 667 771 667]
line-59 [719 668 727 668]
line-60 [892 762 893 749]
line-61 [1516 636 1521 636]
line-62 [1577 638 1583 638]
line-63 [680 668 686 668]
line-64 [1700 631 1707 631]
line-65 [920 785 931 786]
line-66 [867 676 872 676]
line-67 [696 674 708 674]
line-68 [1872 630 1877 630]
line-69 [1074 668 1083 668]
line-70 [865 671 886 671]
line-71 [1340 669 1349 669]
line-72 [531 672 538 672]
line-73 [622 670 632 670]
line-74 [1059 667 1073 667]
line-75 [1708 634 1715 634]
line-76 [917 669 922 669]
line-77 [1841 627 1847 627]
line-78 [1448 645 1457 645]
line-79 [1408 653 1413 653]
line-80 [592 664 601 664]
line-81 [790 668 795 668]
line-82 [821 670 831 670]
line-83 [1613 624 1622 624]
line-84 [814 676 820 676]
line-85 [1019 668 1026 668]
line-86 [576 663 587 663]
line-87 [1681 639 1687 639]
line-88 [811 668 820 668]
line-89 [1690 643 1708 643]
line-90 [901 686 901 712]
line-91 [1335 667 1345 667]
line-92 [1546 641 1555 641]
line-93 [1509 635 1515 635]
line-94 [633 671 646 671]
line-95 [1624 624 1635 624]
line-96 [910 673 916 673]
line-97 [1578 656 1587 655]
line-98 [1413 647 1423 647]
line-99 [1392 656 1398 656]
line-100 [895 741 895 736]
line-101 [1731 630 1736 630]
line-102 [932 675 941 675]
line-103 [1347 661 1364 661]
line-104 [601 665 606 665]
line-105 [1561 637 1567 637]
line-106 [489 716 514 746]
line-107 [463 658 470 658]
line-108 [964 792 983 795]
line-109 [899 697 899 690]
line-110 [704 676 714 676]
line-111 [1200 663 1206 663]
line-112 [628 666 636 666]
line-113 [1850 624 1855 624]
line-114 [1489 654 1496 654]
line-115 [1330 536 1339 553]
line-116 [1278 672 1283 672]
line-117 [1690 635 1696 635]
line-118 [691 672 696 672]
line-119 [1414 668 1426 668]
line-120 [481 668 500 668]
line-121 [541 662 546 662]
line-122 [689 666 694 666]
line-123 [555 668 562 668]
line-124 [677 673 682 673]
line-125 [531 663 537 663]
line-126 [592 674 601 674]
line-127 [717 674 722 674]
line-128 [1241 662 1252 662]
line-129 [1552 659 1560 659]
line-130 [1683 644 1688 644]
line-131 [1856 623 1861 623]
line-132 [1293 705 1301 705]
line-133 [498 658 504 658]
line-134 [563 667 569 667]
line-135 [894 747 894 742]
line-136 [1005 667 1011 667]
line-137 [617 663 622 663]
line-138 [470 657 476 657]
line-139 [1414 653 1420 653]
line-140 [1499 653 1506 653]
line-141 [539 671 550 671]
line-142 [1560 658 1565 658]
line-143 [1901 628 1906 628]
