line-0 [1416 668 1427 668]
line-1 [917 669 922 669]
line-2 [1336 667 1346 667]
line-3 [865 671 888 671]
line-4 [800 666 811 666]
line-5 [624 668 641 668]
line-6 [1343 661 1367 661]
line-7 [669 667 680 667]
line-8 [1346 664 1356 664]
line-9 [1641 636 1655 636]
line-10 [791 668 799 668]
line-11 [633 671 647 671]
line-12 [1860 629 1872 629]
line-13 [1854 623 1863 623]
line-14 [1409 653 1424 653]
line-15 [1430 654 1447 653]
line-16 [506 660 514 660]
line-17 [865 676 884 676]
line-18 [1151 665 1156 665]
line-19 [1127 667 1132 667]
line-20 [501 669 520 669]
line-21 [951 670 963 670]
line-22 [850 669 860 669]
line-23 [849 679 864 679]
line-24 [531 660 538 660]
line-25 [1511 635 1518 635]
line-26 [1183 664 1190 664]
line-27 [689 666 694 666]
line-28 [1473 647 1484 647]
line-29 [1839 626 1844 626]
line-30 [1579 638 1594 638]
line-31 [643 666 659 666]
line-32 [941 790 957 792]
line-33 [1619 623 1625 623]
line-34 [1814 628 1822 628]
line-35 [1599 637 1606 637]
line-36 [899 668 911 668]
line-37 [1058 667 1074 667]
line-38 [1513 640 1523 640]
line-39 [1335 665 1345 665]
line-40 [1742 634 1747 634]
line-41 [481 668 500 668]
line-42 [1410 667 1415 667]
line-43 [892 766 892 760]
line-44 [733 668 739 668]
line-45 [604 673 645 673]
line-46 [592 664 602 664]
line-47 [911 673 917 673]
line-48 [1159 665 1168 665]
line-49 [1563 637 1569 637]
line-50 [691 672 696 672]
line-51 [1091 668 1096 668]
line-52 [1357 663 1365 663]
line-53 [1712 633 1717 633]
line-54 [1322 662 1341 662]
line-55 [1850 628 1859 628]
line-56 [836 676 849 676]
line-57 [933 675 942 675]
line-58 [1690 643 1706 643]
line-59 [899 700 899 691]
line-60 [1524 663 1530 663]
line-61 [852 676 859 676]
line-62 [623 670 632 670]
line-63 [1152 677 1157 677]
line-64 [470 657 476 657]
line-65 [901 782 901 745]
line-66 [897 720 897 713]
line-67 [1337 669 1350 669]
line-68 [820 669 831 670]
line-69 [548 666 566 666]
line-70 [1133 668 1139 668]
line-71 [930 670 940 670]
line-72 [753 668 760 668]
line-73 [999 668 1005 668]
line-74 [959 674 964 674]
line-75 [1104 675 1110 675]
line-76 [532 663 537 663]
line-77 [1896 628 1909 628]
line-78 [1866 626 1872 626]
line-79 [1501 651 1508 651]
line-80 [1534 637 1545 637]
line-81 [721 668 728 668]
line-82 [1676 646 1688 646]
line-83 [1373 660 1378 660]
line-84 [552 662 560 662]
line-85 [1771 626 1778 626]
line-86 [893 756 894 743]
line-87 [1169 666 1176 666]
line-88 [1199 663 1205 663]
line-89 [673 675 679 675]
line-90 [627 666 636 666]
line-91 [468 667 480 667]
line-92 [488 716 504 736]
line-93 [1747 635 1752 635]
line-94 [778 668 787 668]
line-95 [901 689 901 702]
line-96 [1496 648 1508 648]
line-97 [1075 668 1082 668]
line-98 [1681 639 1688 639]
line-99 [646 674 651 674]
line-100 [1010 802 1018 803]
line-101 [1191 665 1197 665]
line-102 [1005 667 1012 667]
line-103 [1084 669 1090 669]
line-104 [642 669 647 669]
line-105 [867 678 872 678]
line-106 [1806 629 1813 629]
line-107 [1541 660 1546 660]
line-108 [1579 656 1585 656]
line-109 [721 673 726 673]
line-110 [1449 645 1457 645]
line-111 [581 663 586 663]
line-112 [1412 647 1421 647]
line-113 [1722 633 1730 632]
line-114 [715 667 720 667]
line-115 [832 669 845 669]
line-116 [1570 639 1577 639]
line-117 [1628 624 1638 624]
line-118 [1547 659 1560 659]
line-119 [760 667 771 667]
line-120 [885 677 890 677]
line-121 [521 670 539 670]
line-122 [518 660 528 660]
line-123 [542 662 547 662]
line-124 [902 716 902 703]
line-125 [896 732 896 724]
line-126 [974 670 980 670]
line-127 [1565 657 1575 657]
line-128 [1020 668 1026 668]
line-129 [506 738 512 746]
line-130 [1119 668 1127 668]
line-131 [740 667 749 668]
line-132 [1308 769 1314 769]
