line-0 [783 676 804 676]
line-1 [1242 662 1253 662]
line-2 [1317 662 1341 662]
line-3 [480 668 498 668]
line-4 [1335 667 1349 667]
line-5 [1371 660 1376 660]
line-6 [850 669 860 669]
line-7 [1549 639 1556 639]
line-8 [602 673 620 673]
line-9 [930 670 940 670]
line-10 [767 667 772 667]
line-11 [1472 647 1483 647]
line-12 [873 677 888 677]
line-13 [951 670 963 670]
line-14 [624 668 637 668]
line-15 [1412 647 1421 647]
line-16 [643 666 648 666]
line-17 [1049 667 1054 667]
line-18 [552 662 559 662]
line-19 [1709 634 1715 634]
line-20 [1270 661 1288 660]
line-21 [997 668 1011 667]
line-22 [576 663 586 663]
line-23 [1409 653 1420 653]
line-24 [1546 641 1556 641]
line-25 [1553 659 1561 659]
line-26 [1174 674 1183 674]
line-27 [521 672 540 672]
line-28 [542 666 565 666]
line-29 [1160 665 1166 665]
line-30 [1189 676 1202 676]
line-31 [1582 638 1600 638]
line-32 [933 675 941 675]
line-33 [778 668 783 668]
line-34 [506 669 520 669]
line-35 [518 660 528 660]
line-36 [1075 668 1082 668]
line-37 [1190 665 1197 665]
line-38 [1562 637 1568 637]
line-39 [1531 637 1545 637]
line-40 [592 664 602 664]
line-41 [1626 624 1636 624]
line-42 [1235 664 1241 664]
line-43 [917 669 922 669]
line-44 [1385 660 1391 660]
line-45 [811 668 820 668]
line-46 [1855 629 1871 629]
line-47 [541 671 551 671]
line-48 [835 679 848 679]
line-49 [959 674 964 674]
line-50 [1333 670 1338 670]
line-51 [1426 646 1436 646]
line-52 [1392 656 1399 656]
line-53 [521 670 540 670]
line-54 [1815 628 1820 628]
line-55 [1520 640 1525 640]
line-56 [821 670 831 670]
line-57 [1150 665 1155 665]
line-58 [901 780 901 741]
line-59 [1132 668 1139 668]
line-60 [1020 668 1026 668]
line-61 [1176 665 1182 665]
line-62 [470 657 476 657]
line-63 [1499 651 1507 651]
line-64 [1339 669 1353 669]
line-65 [1298 663 1316 663]
line-66 [1167 666 1175 666]
line-67 [1541 660 1552 660]
line-68 [1677 646 1689 646]
line-69 [891 772 892 759]
line-70 [857 679 867 679]
line-71 [650 666 660 666]
line-72 [1681 639 1688 638]
line-73 [638 669 646 669]
line-74 [1058 667 1065 667]
line-75 [1447 645 1457 645]
line-76 [488 714 502 730]
line-77 [1856 623 1862 623]
line-78 [1431 653 1439 653]
line-79 [800 666 811 666]
line-80 [898 707 899 689]
line-81 [1806 629 1814 629]
line-82 [1691 635 1696 635]
line-83 [865 671 888 671]
line-84 [1103 675 1113 675]
line-85 [1771 626 1777 625]
line-86 [1415 668 1427 668]
line-87 [1499 653 1507 652]
line-88 [1779 626 1784 626]
line-89 [1393 658 1398 658]
line-90 [530 660 538 660]
line-91 [1571 664 1586 664]
line-92 [1199 663 1206 663]
line-93 [1639 636 1657 636]
line-94 [1690 643 1702 643]
line-95 [1510 635 1516 635]
line-96 [593 674 601 674]
line-97 [1347 661 1366 661]
line-98 [901 691 901 705]
line-99 [1837 626 1843 626]
line-100 [1394 668 1402 668]
line-101 [1873 630 1878 630]
line-102 [867 678 872 678]
line-103 [1901 628 1907 628]
line-104 [911 673 917 673]
line-105 [627 666 635 666]
line-106 [1440 653 1449 653]
line-107 [790 668 796 668]
line-108 [1618 624 1623 624]
line-109 [1489 654 1496 654]
line-110 [1409 667 1414 667]
line-111 [1183 664 1189 664]
line-112 [1569 639 1575 639]
line-113 [1083 669 1090 669]
line-114 [1183 675 1188 675]
line-115 [771 676 780 676]
line-116 [633 671 647 671]
line-117 [468 667 479 667]
line-118 [806 674 812 674]
line-119 [645 342 656 338]
line-120 [1068 667 1074 667]
line-121 [831 669 844 669]
line-122 [866 676 871 676]
line-123 [1746 635 1751 635]
line-124 [506 660 513 660]
line-125 [1299 767 1316 767]
line-126 [1421 654 1428 654]
line-127 [532 663 537 663]
line-128 [1670 658 1675 658]
line-129 [500 729 508 738]
line-130 [849 679 856 679]
line-131 [1679 644 1689 644]
line-132 [890 780 890 775]
line-133 [1437 646 1444 646]
line-134 [622 670 627 670]
line-135 [897 719 897 708]
line-136 [1703 643 1711 643]
line-137 [1568 657 1574 657]
