line-0 [901 668 911 668]
line-1 [1020 668 1027 668]
line-2 [541 662 547 662]
line-3 [1354 661 1366 661]
line-4 [998 668 1005 668]
line-5 [506 660 514 660]
line-6 [1451 645 1459 645]
line-7 [930 670 940 670]
line-8 [979 676 988 676]
line-9 [703 668 710 668]
line-10 [651 666 661 666]
line-11 [1119 668 1128 668]
line-12 [1075 668 1083 668]
line-13 [1858 629 1874 629]
line-14 [1141 667 1147 667]
line-15 [577 663 587 663]
line-16 [873 677 890 677]
line-17 [633 671 647 671]
line-18 [1271 661 1281 661]
line-19 [822 670 832 670]
line-20 [540 671 551 671]
line-21 [1191 665 1198 665]
line-22 [1222 662 1227 662]
line-23 [1422 654 1430 654]
line-24 [1341 669 1349 669]
line-25 [867 671 876 671]
line-26 [1058 667 1075 667]
line-27 [470 657 476 657]
line-28 [499 669 518 669]
line-29 [1476 647 1486 647]
line-30 [531 660 536 660]
line-31 [952 670 964 670]
line-32 [668 667 679 667]
line-33 [1128 667 1133 667]
line-34 [601 673 622 673]
line-35 [941 671 951 671]
line-36 [1711 634 1721 634]
line-37 [592 664 602 664]
line-38 [573 672 600 672]
line-39 [714 677 721 677]
line-40 [1394 658 1399 658]
line-41 [637 669 647 669]
line-42 [1641 636 1654 636]
line-43 [902 785 902 738]
line-44 [1331 662 1342 662]
line-45 [1550 639 1560 639]
line-46 [1824 629 1829 629]
line-47 [478 668 498 668]
line-48 [1474 645 1481 645]
line-49 [618 663 623 663]
line-50 [1693 643 1711 643]
line-51 [1583 638 1593 638]
line-52 [1414 647 1420 647]
line-53 [1885 628 1890 628]
line-54 [1338 667 1347 667]
line-55 [543 666 564 666]
line-56 [1316 663 1324 663]
line-57 [1835 622 1840 622]
line-58 [1548 660 1567 658]
line-59 [1679 646 1692 646]
line-60 [1734 630 1739 630]
line-61 [519 660 528 660]
line-62 [857 669 862 669]
line-63 [1169 666 1179 666]
line-64 [1433 653 1441 653]
line-65 [1184 664 1190 664]
line-66 [637 667 644 667]
line-67 [1153 677 1158 677]
line-68 [895 747 895 742]
line-69 [519 670 533 670]
line-70 [900 693 900 688]
line-71 [1818 628 1823 628]
line-72 [1501 648 1511 648]
line-73 [705 676 713 676]
line-74 [490 729 505 747]
line-75 [1903 628 1909 628]
line-76 [1552 635 1558 635]
line-77 [634 673 645 673]
line-78 [1393 668 1421 668]
line-79 [1594 638 1605 638]
line-80 [824 674 835 674]
line-81 [1724 633 1729 633]
line-82 [1680 644 1692 644]
line-83 [1533 637 1547 637]
line-84 [812 668 821 668]
line-85 [1590 657 1596 657]
line-86 [1781 626 1787 626]
line-87 [1562 637 1567 637]
line-88 [902 700 902 694]
line-89 [1415 653 1421 653]
line-90 [1178 676 1183 676]
line-91 [1809 629 1817 629]
line-92 [889 787 890 779]
line-93 [1084 669 1092 669]
line-94 [1285 661 1293 661]
line-95 [552 662 560 662]
line-96 [1491 652 1497 652]
line-97 [878 671 888 671]
line-98 [627 666 635 666]
line-99 [1616 624 1627 624]
line-100 [1184 675 1190 675]
line-101 [1244 662 1253 662]
line-102 [1574 664 1590 664]
line-103 [1151 665 1156 665]
line-104 [843 677 851 677]
line-105 [1839 626 1846 626]
line-106 [897 728 897 720]
line-107 [1512 635 1517 635]
line-108 [1325 663 1330 663]
line-109 [1298 663 1315 663]
line-110 [495 658 502 658]
line-111 [912 673 917 673]
line-112 [1684 639 1690 639]
line-113 [1198 676 1203 676]
line-114 [676 673 681 673]
line-115 [1498 651 1509 651]
line-116 [1237 664 1242 664]
line-117 [680 668 688 668]
line-118 [1518 636 1523 636]
line-119 [1208 665 1220 664]
line-120 [1860 623 1865 623]
line-121 [832 669 845 669]
line-122 [1200 663 1206 663]
line-123 [845 670 851 670]
line-124 [1500 653 1509 653]
line-125 [1006 667 1012 667]
line-126 [1655 636 1663 636]
line-127 [946 677 952 677]
line-128 [790 308 796 308]
line-129 [624 668 636 668]
line-130 [1491 654 1499 654]
line-131 [1571 639 1580 639]
line-132 [602 665 608 665]
line-133 [907 790 918 791]
line-134 [892 770 894 748]
line-135 [467 667 477 667]
line-136 [1630 624 1638 624]
line-137 [690 666 695 666]
line-138 [1133 668 1140 668]
line-139 [899 704 899 694]
line-140 [902 708 902 714]
line-141 [912 670 918 670]
line-142 [777 309 789 308]
line-143 [555 668 563 668]
line-144 [1568 657 1574 657]
