line-0 [624 668 636 668]
line-1 [674 675 680 675]
line-2 [767 667 772 667]
line-3 [832 669 846 669]
line-4 [1588 638 1606 638]
line-5 [1299 663 1328 663]
line-6 [1329 662 1342 662]
line-7 [1020 668 1027 668]
line-8 [604 673 629 673]
line-9 [1119 668 1128 668]
line-10 [1160 665 1167 665]
line-11 [1680 646 1692 646]
line-12 [867 671 876 671]
line-13 [845 677 850 677]
line-14 [668 667 679 667]
line-15 [1681 644 1692 644]
line-16 [500 669 519 669]
line-17 [690 666 695 666]
line-18 [676 673 682 673]
line-19 [1904 628 1909 628]
line-20 [637 667 642 667]
line-21 [1492 643 1497 643]
line-22 [1438 653 1446 653]
line-23 [1474 645 1484 645]
line-24 [1863 629 1875 629]
line-25 [972 670 978 670]
line-26 [719 668 728 668]
line-27 [1778 626 1786 626]
line-28 [848 679 866 679]
line-29 [812 668 821 668]
line-30 [1394 658 1399 658]
line-31 [872 677 887 677]
line-32 [890 786 890 779]
line-33 [902 787 902 760]
line-34 [822 670 832 670]
line-35 [623 670 631 670]
line-36 [506 660 514 660]
line-37 [1006 667 1012 667]
line-38 [1553 635 1558 635]
line-39 [540 671 552 671]
line-40 [1693 643 1713 643]
line-41 [1855 629 1862 629]
line-42 [1271 661 1282 661]
line-43 [1075 668 1082 668]
line-44 [801 666 811 666]
line-45 [634 673 646 673]
line-46 [644 666 662 666]
line-47 [1190 665 1195 665]
line-48 [807 674 813 674]
line-49 [1523 640 1532 640]
line-50 [577 663 586 663]
line-51 [912 670 918 670]
line-52 [1846 627 1851 627]
line-53 [1473 647 1486 647]
line-54 [1394 656 1400 656]
line-55 [998 668 1006 668]
line-56 [1711 634 1724 634]
line-57 [1644 636 1658 636]
line-58 [1810 629 1816 629]
line-59 [1184 664 1189 664]
line-60 [791 668 796 668]
line-61 [1550 639 1560 639]
line-62 [639 669 647 669]
line-63 [945 677 952 677]
line-64 [902 668 911 668]
line-65 [470 657 476 657]
line-66 [979 676 988 676]
line-67 [951 670 964 670]
line-68 [821 677 834 677]
line-69 [1141 667 1147 667]
line-70 [872 679 881 679]
line-71 [705 676 714 676]
line-72 [593 664 602 664]
line-73 [1356 662 1366 662]
line-74 [1232 665 1237 665]
line-75 [1150 665 1156 665]
line-76 [519 660 530 661]
line-77 [1402 655 1407 655]
line-78 [1244 662 1253 662]
line-79 [899 702 899 695]
line-80 [1168 666 1179 666]
line-81 [1058 667 1075 667]
line-82 [1257 664 1264 663]
line-83 [548 666 566 666]
line-84 [521 672 539 672]
line-85 [1083 669 1094 669]
line-86 [856 677 865 677]
line-87 [1869 627 1875 627]
line-88 [1490 652 1496 652]
line-89 [682 674 687 674]
line-90 [824 674 834 674]
line-91 [1673 645 1679 645]
line-92 [1615 624 1638 624]
line-93 [680 668 688 668]
line-94 [1748 635 1755 635]
line-95 [935 675 941 675]
line-96 [1562 637 1569 637]
line-97 [486 724 492 731]
line-98 [1556 659 1567 658]
line-99 [1393 668 1399 668]
line-100 [1854 624 1860 624]
line-101 [754 668 760 668]
line-102 [1512 635 1517 635]
line-103 [1426 654 1432 654]
line-104 [902 725 902 757]
line-105 [1408 668 1413 667]
line-106 [902 720 902 688]
line-107 [552 662 560 662]
line-108 [1549 641 1559 641]
line-109 [891 777 891 771]
line-110 [1817 628 1823 628]
line-111 [838 676 844 676]
line-112 [633 671 647 671]
line-113 [1413 647 1422 647]
line-114 [702 668 710 668]
line-115 [725 677 739 677]
line-116 [493 732 502 744]
line-117 [895 747 895 740]
line-118 [1533 637 1543 637]
line-119 [896 669 901 669]
line-120 [524 670 539 670]
line-121 [878 671 888 671]
line-122 [1491 654 1496 654]
line-123 [1401 668 1407 668]
line-124 [929 671 940 670]
line-125 [541 667 547 667]
line-126 [626 665 636 666]
line-127 [941 671 950 671]
line-128 [773 669 778 669]
line-129 [832 679 840 679]
line-130 [1411 653 1421 653]
line-131 [531 660 538 660]
line-132 [851 669 861 669]
line-133 [1571 639 1580 639]
line-134 [760 663 765 663]
line-135 [1133 668 1140 668]
line-136 [897 725 897 719]
line-137 [1501 651 1509 651]
line-138 [480 668 497 668]
line-139 [779 668 784 668]
line-140 [1344 662 1355 662]
line-141 [1684 639 1690 639]
line-142 [1505 648 1511 648]
line-143 [618 663 624 663]
line-144 [495 658 502 658]
line-145 [1329 773 1348 773]
line-146 [912 673 917 673]
line-147 [1285 661 1293 661]
line-148 [1840 626 1845 626]
line-149 [1518 636 1523 636]
line-150 [1050 667 1055 667]
line-151 [988 803 996 804]
line-152 [1581 638 1587 638]
line-153 [501 742 507 749]
line-154 [1499 649 1504 649]
line-155 [733 668 739 668]
