line-0 [1299 663 1319 663]
line-1 [993 668 1005 668]
line-2 [1242 662 1254 662]
line-3 [505 669 521 669]
line-4 [875 677 887 677]
line-5 [690 666 695 666]
line-6 [866 671 876 671]
line-7 [1059 667 1075 667]
line-8 [1430 653 1447 653]
line-9 [1474 647 1485 647]
line-10 [1410 653 1421 653]
line-11 [1498 651 1509 651]
line-12 [901 668 912 668]
line-13 [1278 661 1293 661]
line-14 [1748 635 1754 635]
line-15 [1320 662 1342 662]
line-16 [917 676 922 676]
line-17 [1581 656 1586 656]
line-18 [1816 628 1823 628]
line-19 [1020 668 1027 668]
line-20 [541 671 553 671]
line-21 [912 673 917 673]
line-22 [878 671 888 671]
line-23 [531 660 538 660]
line-24 [1076 668 1084 668]
line-25 [1580 638 1595 638]
line-26 [1133 668 1139 668]
line-27 [1312 670 1339 670]
line-28 [1857 623 1865 623]
line-29 [935 675 941 675]
line-30 [545 666 565 666]
line-31 [644 666 661 666]
line-32 [708 672 715 672]
line-33 [1183 664 1191 664]
line-34 [1085 669 1091 669]
line-35 [522 670 540 670]
line-36 [1641 636 1650 636]
line-37 [581 663 586 663]
line-38 [467 667 481 667]
line-39 [633 671 649 672]
line-40 [1808 629 1815 629]
line-41 [637 669 648 669]
line-42 [1177 665 1182 665]
line-43 [697 674 707 674]
line-44 [827 674 835 674]
line-45 [1481 644 1488 644]
line-46 [902 773 902 761]
line-47 [593 664 602 664]
line-48 [674 675 679 675]
line-49 [891 776 891 770]
line-50 [951 670 964 670]
line-51 [1563 637 1570 637]
line-52 [1497 653 1507 653]
line-53 [624 673 630 673]
line-54 [1005 667 1012 667]
line-55 [1192 665 1198 665]
line-56 [1519 636 1524 636]
line-57 [669 667 680 667]
line-58 [1556 659 1566 658]
line-59 [1395 668 1411 668]
line-60 [507 660 515 660]
line-61 [629 668 636 668]
line-62 [1119 668 1127 668]
line-63 [824 677 835 677]
line-64 [1512 635 1518 635]
line-65 [812 668 821 668]
line-66 [1694 643 1713 643]
line-67 [1393 656 1401 656]
line-68 [1535 637 1541 637]
line-69 [822 670 832 670]
line-70 [1413 647 1422 647]
line-71 [1693 635 1698 635]
line-72 [816 676 822 676]
line-73 [1773 626 1779 626]
line-74 [1175 674 1184 674]
line-75 [502 741 510 751]
line-76 [899 703 899 698]
line-77 [1715 634 1722 634]
line-78 [1450 645 1458 645]
line-79 [1160 665 1168 665]
line-80 [769 311 777 311]
line-81 [902 724 902 754]
line-82 [1567 657 1577 657]
line-83 [1838 626 1846 626]
line-84 [892 769 892 764]
line-85 [1352 661 1361 661]
line-86 [851 669 862 669]
line-87 [1200 663 1208 663]
line-88 [1151 665 1156 665]
line-89 [1388 660 1393 660]
line-90 [1902 628 1909 628]
line-91 [858 679 867 679]
line-92 [1474 645 1480 645]
line-93 [866 676 871 676]
line-94 [1628 624 1634 624]
line-95 [902 720 902 697]
line-96 [628 666 636 666]
line-97 [942 676 947 676]
line-98 [519 660 528 660]
line-99 [1781 626 1786 626]
line-100 [1169 666 1176 666]
line-101 [895 744 895 738]
line-102 [344 530 349 536]
line-103 [1337 667 1347 667]
line-104 [1422 654 1428 654]
line-105 [523 672 540 672]
line-106 [974 675 979 675]
line-107 [682 674 687 674]
line-108 [1236 664 1241 664]
line-109 [552 662 560 662]
line-110 [849 676 855 676]
line-111 [1651 636 1660 636]
line-112 [634 673 647 673]
line-113 [898 704 898 717]
line-114 [493 730 500 738]
line-115 [1683 639 1688 639]
line-116 [1868 626 1874 626]
line-117 [638 667 644 667]
line-118 [929 670 941 670]
line-119 [867 678 872 678]
line-120 [492 668 502 668]
line-121 [357 547 363 554]
line-122 [1679 646 1691 646]
line-123 [836 676 845 676]
line-124 [1679 644 1685 644]
line-125 [832 669 837 669]
line-126 [879 786 887 787]
line-127 [901 788 901 774]
line-128 [341 525 345 530]
line-129 [980 676 987 676]
line-130 [1394 658 1399 658]
line-131 [1571 639 1579 639]
line-132 [486 721 491 727]
line-133 [913 670 918 670]
line-134 [1673 645 1678 645]
line-135 [1417 668 1422 668]
line-136 [1271 661 1277 661]
line-137 [838 669 844 669]
line-138 [902 789 908 789]
line-139 [1152 677 1158 677]
