line-0 [1347 661 1365 661]
line-1 [822 670 832 670]
line-2 [1085 669 1091 669]
line-3 [627 666 636 666]
line-4 [1413 647 1458 645]
line-5 [878 671 888 671]
line-6 [638 669 648 669]
line-7 [850 669 861 669]
line-8 [1340 669 1354 669]
line-9 [1589 638 1596 638]
line-10 [952 670 964 670]
line-11 [704 668 710 668]
line-12 [1715 634 1723 634]
line-13 [865 676 873 676]
line-14 [1410 653 1419 653]
line-15 [1199 663 1207 663]
line-16 [1062 667 1075 667]
line-17 [1532 637 1546 637]
line-18 [1160 665 1168 665]
line-19 [901 668 911 668]
line-20 [464 667 479 667]
line-21 [1133 668 1139 668]
line-22 [1777 626 1784 626]
line-23 [902 751 902 724]
line-24 [1598 638 1604 638]
line-25 [586 672 603 672]
line-26 [1473 647 1484 647]
line-27 [1313 670 1339 670]
line-28 [933 675 941 675]
line-29 [1808 629 1815 629]
line-30 [602 665 607 665]
line-31 [670 667 680 667]
line-32 [506 669 521 669]
line-33 [690 666 695 666]
line-34 [1191 665 1198 665]
line-35 [1233 664 1241 664]
line-36 [480 668 505 668]
line-37 [1020 668 1026 668]
line-38 [993 668 1012 667]
line-39 [1443 653 1450 653]
line-40 [624 668 637 668]
line-41 [604 673 646 673]
line-42 [1271 661 1283 661]
line-43 [1823 629 1828 629]
line-44 [1428 653 1435 653]
line-45 [1190 676 1202 676]
line-46 [532 663 537 663]
line-47 [1514 640 1527 640]
line-48 [827 674 835 674]
line-49 [867 671 875 671]
line-50 [1703 643 1711 643]
line-51 [1393 668 1410 668]
line-52 [644 666 661 666]
line-53 [581 663 586 663]
line-54 [1323 662 1330 662]
line-55 [593 664 602 664]
line-56 [1140 667 1147 667]
line-57 [1334 667 1346 667]
line-58 [531 660 538 660]
line-59 [1491 654 1496 654]
line-60 [892 769 892 763]
line-61 [1571 639 1579 639]
line-62 [1838 626 1845 626]
line-63 [1857 629 1873 629]
line-64 [1679 646 1687 646]
line-65 [468 669 479 669]
line-66 [1547 660 1552 660]
line-67 [1683 639 1688 639]
line-68 [1559 659 1567 658]
line-69 [544 666 565 666]
line-70 [552 662 560 662]
line-71 [486 720 502 739]
line-72 [1076 668 1084 668]
line-73 [470 657 476 657]
line-74 [979 676 986 676]
line-75 [518 660 528 660]
line-76 [832 669 849 670]
line-77 [1723 633 1729 633]
line-78 [674 675 679 675]
line-79 [1902 628 1908 628]
line-80 [1299 663 1322 663]
line-81 [541 671 553 671]
line-82 [587 662 592 662]
line-83 [453 666 463 666]
line-84 [1748 635 1753 635]
line-85 [901 761 901 752]
line-86 [1176 665 1183 665]
line-87 [1653 636 1663 636]
line-88 [1152 677 1157 677]
line-89 [1816 628 1823 628]
line-90 [1174 674 1184 674]
line-91 [897 724 898 708]
line-92 [931 670 940 670]
line-93 [628 671 647 671]
line-94 [1417 668 1428 668]
line-95 [1497 653 1508 653]
line-96 [1549 641 1557 641]
line-97 [893 757 894 746]
line-98 [1493 651 1499 651]
line-99 [1437 653 1442 653]
line-100 [1150 665 1157 665]
line-101 [1174 676 1183 676]
line-102 [522 670 540 670]
line-103 [1119 668 1127 668]
line-104 [1393 656 1399 656]
line-105 [912 670 917 670]
line-106 [803 666 811 666]
line-107 [1692 635 1698 635]
line-108 [1518 636 1524 636]
line-109 [1184 675 1189 675]
line-110 [1641 636 1652 636]
line-111 [1331 662 1342 662]
line-112 [836 676 850 676]
line-113 [901 772 901 787]
line-114 [1563 637 1569 637]
line-115 [1580 638 1588 638]
line-116 [911 673 917 673]
line-117 [1348 667 1353 667]
line-118 [477 658 484 658]
line-119 [1679 644 1686 644]
line-120 [1183 664 1190 664]
line-121 [1856 623 1863 623]
line-122 [1619 623 1626 623]
line-123 [1691 645 1698 645]
line-124 [1627 624 1638 624]
line-125 [747 314 752 314]
line-126 [1500 651 1509 651]
line-127 [1422 654 1427 654]
line-128 [1511 635 1517 635]
line-129 [1693 643 1701 643]
line-130 [946 677 952 677]
line-131 [902 703 902 717]
line-132 [1248 662 1253 662]
line-133 [1169 666 1175 666]
