line-0 [791 668 799 668]
line-1 [701 667 706 667]
line-2 [465 667 481 667]
line-3 [624 668 641 668]
line-4 [826 677 836 677]
line-5 [1199 663 1207 663]
line-6 [865 671 875 671]
line-7 [1076 668 1083 668]
line-8 [1640 636 1654 636]
line-9 [807 674 813 674]
line-10 [1723 633 1728 633]
line-11 [1412 653 1422 653]
line-12 [455 666 464 666]
line-13 [628 666 644 666]
line-14 [1160 665 1168 665]
line-15 [739 667 744 667]
line-16 [697 674 707 674]
line-17 [1866 626 1873 626]
line-18 [1565 657 1576 657]
line-19 [814 678 825 678]
line-20 [974 670 981 670]
line-21 [727 677 743 677]
line-22 [505 669 524 669]
line-23 [624 673 641 673]
line-24 [1579 638 1591 638]
line-25 [1183 664 1191 664]
line-26 [956 795 961 795]
line-27 [1491 651 1508 651]
line-28 [1861 629 1873 629]
line-29 [1231 664 1242 663]
line-30 [1807 629 1813 629]
line-31 [1091 668 1096 668]
line-32 [1532 637 1545 637]
line-33 [549 666 566 666]
line-34 [952 670 963 670]
line-35 [975 798 997 801]
line-36 [1108 667 1113 667]
line-37 [831 669 840 669]
line-38 [1563 637 1570 637]
line-39 [525 670 541 670]
line-40 [1708 642 1713 642]
line-41 [821 670 831 670]
line-42 [1511 635 1519 635]
line-43 [1133 668 1139 668]
line-44 [374 567 388 585]
line-45 [933 675 939 675]
line-46 [592 664 602 664]
line-47 [1425 653 1437 653]
line-48 [622 670 631 670]
line-49 [1617 623 1628 623]
line-50 [900 668 911 668]
line-51 [903 675 908 675]
line-52 [524 660 534 660]
line-53 [1058 667 1065 667]
line-54 [904 677 909 677]
line-55 [1120 668 1127 668]
line-56 [1474 647 1481 647]
line-57 [837 676 844 676]
line-58 [1545 659 1558 659]
line-59 [542 671 553 671]
line-60 [552 662 560 662]
line-61 [869 676 887 676]
line-62 [929 670 941 670]
line-63 [1595 637 1608 636]
line-64 [1149 665 1157 665]
line-65 [893 756 893 750]
line-66 [1908 629 1918 629]
line-67 [1483 646 1488 646]
line-68 [1710 634 1718 633]
line-69 [1398 668 1416 667]
line-70 [1242 662 1247 662]
line-71 [905 787 911 787]
line-72 [691 672 696 672]
line-73 [506 741 512 748]
line-74 [850 669 861 669]
line-75 [901 785 901 747]
line-76 [981 668 987 668]
line-77 [670 667 680 667]
line-78 [1571 639 1578 639]
line-79 [1771 626 1784 625]
line-80 [711 672 716 672]
line-81 [1514 640 1524 640]
line-82 [1897 628 1905 628]
line-83 [1494 653 1505 653]
line-84 [993 668 1005 668]
line-85 [1672 646 1686 646]
line-86 [891 773 891 768]
line-87 [556 668 566 668]
line-88 [1412 647 1418 647]
line-89 [716 667 723 667]
line-90 [1169 666 1175 666]
line-91 [1855 623 1864 623]
line-92 [1677 644 1688 644]
line-93 [1690 635 1696 635]
line-94 [827 674 835 674]
line-95 [801 666 808 666]
line-96 [1417 668 1427 668]
line-97 [902 729 902 746]
line-98 [1431 646 1439 646]
line-99 [1020 668 1026 668]
line-100 [892 765 892 757]
line-101 [639 671 648 671]
line-102 [895 743 895 737]
line-103 [1524 637 1529 637]
line-104 [1851 628 1860 628]
line-105 [526 672 541 672]
line-106 [760 667 772 667]
line-107 [1192 665 1197 665]
line-108 [542 665 547 665]
line-109 [902 701 902 710]
line-110 [1176 665 1182 665]
line-111 [1525 663 1531 663]
line-112 [490 721 494 726]
line-113 [581 663 586 663]
line-114 [780 668 790 667]
line-115 [1681 639 1688 639]
line-116 [1532 635 1537 635]
line-117 [517 660 523 660]
line-118 [717 676 726 676]
line-119 [660 665 665 665]
line-120 [1444 645 1457 645]
line-121 [897 723 897 713]
line-122 [867 678 872 678]
line-123 [1069 667 1075 667]
line-124 [881 671 888 671]
line-125 [464 658 470 658]
line-126 [645 666 657 666]
line-127 [499 732 506 742]
line-128 [801 678 810 678]
line-129 [1580 656 1586 656]
line-130 [1005 667 1012 667]
line-131 [1757 629 1762 629]
line-132 [1248 662 1254 662]
line-133 [1084 669 1090 669]
line-134 [1814 628 1823 628]
line-135 [482 668 504 668]
line-136 [1747 635 1752 635]
line-137 [1394 656 1399 656]
line-138 [1689 643 1704 643]
line-139 [745 668 751 668]
line-140 [733 668 738 668]
line-141 [532 663 537 663]
line-142 [541 667 546 667]
line-143 [1629 624 1638 624]
line-144 [642 669 647 669]
line-145 [1559 658 1564 658]
line-146 [673 675 679 675]
line-147 [642 673 649 673]
line-148 [899 697 899 692]
line-149 [1403 654 1408 654]
