line-0 [1528 668 1547 668]
line-1 [1190 665 1195 665]
line-2 [1299 663 1327 663]
line-3 [592 664 601 664]
line-4 [600 673 620 673]
line-5 [1213 665 1219 665]
line-6 [602 665 608 665]
line-7 [1553 667 1576 667]
line-8 [1595 638 1604 638]
line-9 [955 675 965 675]
line-10 [940 671 954 671]
line-11 [640 674 652 674]
line-12 [1419 654 1442 654]
line-13 [1345 662 1371 662]
line-14 [1257 664 1262 664]
line-15 [651 666 669 666]
line-16 [1337 668 1344 668]
line-17 [553 662 558 662]
line-18 [1090 669 1096 669]
line-19 [1103 668 1109 668]
line-20 [1052 668 1072 667]
line-21 [1231 665 1240 665]
line-22 [538 671 550 671]
line-23 [514 670 537 670]
line-24 [1712 634 1721 634]
line-25 [1845 627 1853 627]
line-26 [1247 662 1252 662]
line-27 [1412 653 1418 653]
line-28 [627 671 645 671]
line-29 [1852 629 1876 629]
line-30 [867 677 888 677]
line-31 [720 677 730 677]
line-32 [1012 668 1017 668]
line-33 [733 668 741 668]
line-34 [1650 636 1665 636]
line-35 [1517 641 1527 641]
line-36 [476 668 493 668]
line-37 [838 669 845 669]
line-38 [494 669 513 669]
line-39 [1337 670 1353 670]
line-40 [1700 643 1714 643]
line-41 [1492 654 1507 654]
line-42 [636 667 645 667]
line-43 [711 667 717 667]
line-44 [1483 647 1488 647]
line-45 [1567 658 1572 658]
line-46 [1573 640 1579 640]
line-47 [860 679 874 679]
line-48 [639 669 647 669]
line-49 [902 726 902 718]
line-50 [1006 667 1011 667]
line-51 [1725 634 1733 633]
line-52 [1878 630 1885 630]
line-53 [1813 629 1827 629]
line-54 [1020 668 1032 668]
line-55 [611 665 617 665]
line-56 [1688 646 1696 646]
line-57 [669 667 679 667]
line-58 [1113 668 1123 668]
line-59 [1180 675 1191 675]
line-60 [892 776 892 771]
line-61 [1273 661 1282 661]
line-62 [1502 635 1507 635]
line-63 [1476 645 1487 645]
line-64 [1553 635 1558 635]
line-65 [898 720 898 710]
line-66 [552 666 560 666]
line-67 [1476 648 1482 648]
line-68 [1780 626 1788 626]
line-69 [618 663 623 663]
line-70 [843 677 851 677]
line-71 [1618 624 1641 625]
line-72 [1670 640 1676 640]
line-73 [630 669 638 669]
line-74 [902 704 902 698]
line-75 [902 782 902 751]
line-76 [880 671 887 671]
line-77 [532 660 537 660]
line-78 [495 732 506 745]
line-79 [700 675 707 675]
line-80 [1175 666 1180 666]
line-81 [1899 629 1905 629]
line-82 [1133 668 1141 668]
line-83 [994 669 1004 669]
line-84 [913 670 920 670]
line-85 [866 671 872 671]
line-86 [1540 637 1548 637]
line-87 [520 660 531 661]
line-88 [629 674 635 674]
line-89 [578 663 587 663]
line-90 [1527 640 1532 640]
line-91 [1192 676 1204 676]
line-92 [1871 627 1876 627]
line-93 [1692 636 1698 636]
line-94 [560 663 565 663]
line-95 [1287 661 1293 661]
line-96 [903 717 903 712]
line-97 [898 709 899 698]
line-98 [902 697 902 692]
line-99 [1675 647 1684 647]
line-100 [1443 653 1450 653]
line-101 [1492 652 1499 652]
line-102 [1079 669 1086 669]
line-103 [627 666 635 666]
line-104 [1534 638 1539 638]
line-105 [1328 670 1335 670]
line-106 [542 668 550 668]
line-107 [1551 641 1558 641]
line-108 [1676 645 1685 645]
line-109 [1705 631 1711 631]
line-110 [467 667 475 667]
line-111 [620 675 628 675]
line-112 [1583 638 1590 638]
line-113 [1412 668 1419 668]
line-114 [946 677 952 677]
line-115 [547 663 552 663]
line-116 [897 728 897 723]
line-117 [621 673 628 673]
line-118 [1165 666 1171 666]
line-119 [703 668 711 668]
line-120 [714 677 719 677]
line-121 [514 661 519 661]
line-122 [1759 630 1765 630]
line-123 [860 297 866 297]
line-124 [840 296 859 296]
line-125 [895 749 897 731]
line-126 [1394 658 1400 658]
line-127 [1912 630 1919 630]
line-128 [1328 663 1335 663]
line-129 [1383 705 1392 705]
line-130 [1503 651 1509 651]
line-131 [543 666 551 666]
line-132 [1687 644 1694 644]
line-133 [1357 778 1368 778]
line-134 [1369 705 1380 705]
line-135 [681 668 690 668]
line-136 [903 749 903 734]
line-137 [718 668 729 668]
line-138 [1565 638 1572 638]
line-139 [1515 636 1522 636]
line-140 [1642 637 1649 637]
