line-0 [1108 667 1113 667]
line-1 [680 668 689 668]
line-2 [1859 623 1866 623]
line-3 [1160 665 1168 665]
line-4 [1335 667 1347 667]
line-5 [669 667 679 667]
line-6 [1868 626 1874 626]
line-7 [900 668 912 668]
line-8 [1285 661 1294 661]
line-9 [1422 654 1428 654]
line-10 [1903 628 1909 628]
line-11 [760 667 772 667]
line-12 [1059 667 1071 667]
line-13 [1429 653 1444 653]
line-14 [934 675 943 675]
line-15 [1335 662 1342 662]
line-16 [592 664 602 664]
line-17 [501 669 521 669]
line-18 [902 786 902 725]
line-19 [625 668 636 668]
line-20 [822 670 832 670]
line-21 [1446 645 1458 645]
line-22 [1554 659 1563 659]
line-23 [645 666 661 666]
line-24 [768 676 783 676]
line-25 [1120 668 1127 668]
line-26 [1411 653 1421 653]
line-27 [1200 663 1207 663]
line-28 [1543 660 1553 660]
line-29 [1347 661 1368 661]
line-30 [801 666 811 666]
line-31 [855 679 868 679]
line-32 [506 660 514 660]
line-33 [1474 645 1479 645]
line-34 [1480 644 1488 644]
line-35 [633 671 647 671]
line-36 [745 668 750 668]
line-37 [1863 629 1875 629]
line-38 [1473 647 1483 647]
line-39 [898 711 898 706]
line-40 [873 677 886 677]
line-41 [867 671 875 671]
line-42 [1192 665 1198 665]
line-43 [519 660 538 660]
line-44 [1413 647 1418 647]
line-45 [1419 647 1424 647]
line-46 [1692 643 1697 643]
line-47 [1641 636 1657 636]
line-48 [1677 646 1689 646]
line-49 [532 663 537 663]
line-50 [1302 663 1316 663]
line-51 [634 673 646 673]
line-52 [951 670 964 670]
line-53 [1320 662 1334 662]
line-54 [1841 626 1846 626]
line-55 [1533 637 1546 637]
line-56 [470 669 478 669]
line-57 [899 703 900 687]
line-58 [715 667 722 667]
line-59 [470 657 476 657]
line-60 [1075 668 1083 668]
line-61 [1020 668 1027 668]
line-62 [929 671 941 670]
line-63 [1184 664 1191 664]
line-64 [467 667 478 667]
line-65 [895 745 895 740]
line-66 [638 667 644 667]
line-67 [1519 640 1527 640]
line-68 [1271 661 1281 661]
line-69 [1913 629 1918 629]
line-70 [754 668 760 668]
line-71 [1818 628 1824 628]
line-72 [806 674 813 674]
line-73 [541 667 546 667]
line-74 [1773 626 1779 626]
line-75 [1587 638 1600 637]
line-76 [1503 648 1511 648]
line-77 [988 665 993 665]
line-78 [1853 628 1862 628]
line-79 [1084 669 1091 669]
line-80 [1724 633 1729 633]
line-81 [522 670 540 670]
line-82 [996 668 1003 668]
line-83 [1683 639 1690 639]
line-84 [1492 651 1507 651]
line-85 [1397 668 1405 668]
line-86 [832 669 845 669]
line-87 [1693 635 1699 635]
line-88 [1393 656 1400 656]
line-89 [551 666 561 666]
line-90 [1630 624 1639 624]
line-91 [1417 668 1428 668]
line-92 [541 671 554 671]
line-93 [1678 644 1691 644]
line-94 [1581 638 1586 638]
line-95 [843 679 854 679]
line-96 [1151 665 1157 665]
line-97 [1880 629 1885 629]
line-98 [701 667 706 667]
line-99 [779 668 787 668]
line-100 [960 798 965 798]
line-101 [892 771 892 766]
line-102 [1169 666 1178 666]
line-103 [1432 646 1441 646]
line-104 [347 533 359 549]
line-105 [976 800 982 801]
line-106 [1336 669 1352 669]
line-107 [485 719 507 747]
line-108 [918 669 923 669]
line-109 [1242 662 1253 662]
line-110 [618 663 624 663]
line-111 [552 662 562 662]
line-112 [812 668 821 668]
line-113 [824 674 835 674]
line-114 [784 676 805 676]
line-115 [496 658 503 658]
line-116 [526 672 540 672]
line-117 [1512 635 1518 635]
line-118 [637 669 647 669]
line-119 [1208 665 1216 665]
line-120 [1572 639 1580 639]
line-121 [1498 653 1509 652]
line-122 [1658 636 1664 636]
line-123 [912 673 917 673]
line-124 [1563 637 1571 637]
line-125 [733 668 740 668]
line-126 [1809 629 1815 629]
line-127 [581 663 586 663]
line-128 [1005 667 1012 667]
line-129 [946 677 952 677]
line-130 [676 673 681 673]
line-131 [485 668 499 668]
line-132 [1492 643 1497 643]
line-133 [631 666 636 666]
line-134 [851 669 861 669]
line-135 [1411 667 1416 667]
line-136 [1524 637 1529 637]
line-137 [1698 643 1706 643]
line-138 [902 707 902 701]
line-139 [1759 629 1764 629]
line-140 [1568 657 1577 657]
line-141 [1749 635 1754 635]
line-142 [1692 645 1698 645]
