line-0 [680 668 689 668]
line-1 [878 671 887 671]
line-2 [733 668 740 668]
line-3 [1570 658 1580 658]
line-4 [930 671 942 671]
line-5 [913 670 920 670]
line-6 [1055 667 1074 667]
line-7 [1080 669 1086 669]
line-8 [1582 639 1598 639]
line-9 [946 677 953 677]
line-10 [624 668 630 668]
line-11 [1264 663 1269 663]
line-12 [1574 640 1581 640]
line-13 [774 669 779 669]
line-14 [1185 675 1192 675]
line-15 [476 668 494 668]
line-16 [1353 662 1367 662]
line-17 [1694 636 1700 636]
line-18 [636 667 644 667]
line-19 [1751 636 1756 636]
line-20 [960 675 965 675]
line-21 [944 671 956 671]
line-22 [1401 669 1411 669]
line-23 [622 670 627 670]
line-24 [1905 629 1912 629]
line-25 [520 670 537 670]
line-26 [1243 663 1249 663]
line-27 [602 665 608 665]
line-28 [627 666 635 666]
line-29 [1416 648 1424 648]
line-30 [1302 664 1314 664]
line-31 [719 668 729 668]
line-32 [1164 666 1172 666]
line-33 [1518 641 1524 641]
line-34 [701 675 706 675]
line-35 [1494 644 1499 644]
line-36 [1349 665 1361 665]
line-37 [1841 627 1850 627]
line-38 [903 778 903 742]
line-39 [1679 647 1690 647]
line-40 [1819 629 1828 629]
line-41 [520 660 529 660]
line-42 [1103 668 1110 668]
line-43 [1329 670 1336 670]
line-44 [1043 666 1049 666]
line-45 [1542 637 1552 637]
line-46 [495 669 516 669]
line-47 [1113 668 1122 668]
line-48 [593 664 602 664]
line-49 [899 708 899 703]
line-50 [1912 630 1919 630]
line-51 [1330 663 1338 663]
line-52 [1880 630 1886 630]
line-53 [1231 665 1242 665]
line-54 [1528 638 1533 638]
line-55 [578 663 587 663]
line-56 [1872 627 1878 627]
line-57 [555 666 564 666]
line-58 [331 512 340 524]
line-59 [553 662 560 662]
line-60 [1175 666 1182 666]
line-61 [1653 637 1660 637]
line-62 [514 661 519 661]
line-63 [1858 624 1868 624]
line-64 [633 671 646 671]
line-65 [669 667 679 667]
line-66 [1009 668 1022 668]
line-67 [676 673 682 673]
line-68 [1404 655 1410 655]
line-69 [1686 640 1693 640]
line-70 [1335 667 1345 666]
line-71 [1202 663 1207 663]
line-72 [900 702 900 693]
line-73 [1552 660 1562 660]
line-74 [344 532 349 538]
line-75 [1855 629 1872 629]
line-76 [1346 662 1352 662]
line-77 [1515 636 1522 636]
line-78 [1288 661 1293 661]
line-79 [1529 664 1535 664]
line-80 [631 669 645 669]
line-81 [618 663 624 663]
line-82 [1474 647 1479 646]
line-83 [1446 653 1451 653]
line-84 [1376 783 1382 783]
line-85 [1535 638 1541 638]
line-86 [1340 668 1350 668]
line-87 [1475 648 1482 648]
line-88 [1368 662 1373 662]
line-89 [1142 667 1148 667]
line-90 [1621 624 1630 624]
line-91 [1683 645 1694 645]
line-92 [1495 654 1511 654]
line-93 [893 769 893 763]
line-94 [904 668 911 668]
line-95 [1602 638 1610 638]
line-96 [754 668 761 668]
line-97 [1421 654 1429 654]
line-98 [1760 631 1767 630]
line-99 [897 740 897 733]
line-100 [1631 625 1642 625]
line-101 [480 711 492 727]
line-102 [543 666 554 666]
line-103 [1696 644 1708 644]
line-104 [1525 641 1530 641]
line-105 [532 660 538 660]
line-106 [555 668 564 668]
line-107 [652 666 663 666]
line-108 [1499 652 1507 652]
line-109 [902 697 902 691]
line-110 [1557 641 1562 641]
line-111 [467 667 475 667]
line-112 [1565 638 1573 638]
line-113 [1643 637 1652 637]
line-114 [547 663 552 663]
line-115 [1726 634 1732 634]
line-116 [1315 663 1329 663]
line-117 [1813 630 1818 630]
line-118 [1436 654 1442 654]
line-119 [1412 668 1420 668]
line-120 [957 671 962 671]
line-121 [898 669 903 669]
line-122 [895 757 896 741]
line-123 [1189 665 1194 665]
line-124 [903 723 903 710]
line-125 [749 669 754 669]
line-126 [541 662 546 662]
line-127 [1493 652 1498 652]
line-128 [711 667 718 667]
line-129 [954 300 961 301]
line-130 [494 729 503 741]
line-131 [453 655 459 655]
line-132 [1709 643 1716 643]
line-133 [1546 661 1551 661]
line-134 [611 665 616 665]
line-135 [1091 669 1096 669]
line-136 [1376 785 1382 785]
line-137 [1154 678 1159 678]
line-138 [885 777 892 777]
line-139 [1421 669 1428 669]
line-140 [1386 783 1397 784]
line-141 [994 669 1004 669]
line-142 [1584 659 1593 659]
line-143 [1557 639 1562 639]
