line-0 [1231 665 1240 665]
line-1 [477 668 493 668]
line-2 [494 669 517 669]
line-3 [825 674 834 674]
line-4 [933 671 954 671]
line-5 [1492 654 1501 654]
line-6 [1345 662 1372 662]
line-7 [1012 668 1022 668]
line-8 [1912 630 1919 630]
line-9 [1586 639 1595 639]
line-10 [718 674 723 674]
line-11 [832 669 845 669]
line-12 [1080 669 1087 669]
line-13 [765 667 771 667]
line-14 [1643 637 1654 637]
line-15 [668 667 679 667]
line-16 [514 661 519 661]
line-17 [1416 654 1428 654]
line-18 [1726 634 1731 634]
line-19 [867 671 875 671]
line-20 [1097 667 1102 667]
line-21 [1116 668 1122 668]
line-22 [1903 629 1908 629]
line-23 [803 666 811 666]
line-24 [827 670 832 670]
line-25 [1264 663 1269 663]
line-26 [1436 646 1458 646]
line-27 [701 675 707 675]
line-28 [1492 652 1507 652]
line-29 [754 668 761 668]
line-30 [636 667 644 667]
line-31 [711 667 717 667]
line-32 [524 670 538 670]
line-33 [1534 638 1540 638]
line-34 [577 663 587 663]
line-35 [1573 640 1580 640]
line-36 [1862 629 1872 629]
line-37 [1054 667 1074 667]
line-38 [471 657 476 657]
line-39 [1438 654 1443 654]
line-40 [867 677 889 677]
line-41 [1133 668 1141 668]
line-42 [902 779 902 752]
line-43 [657 666 668 666]
line-44 [904 668 910 668]
line-45 [553 662 559 662]
line-46 [1853 629 1861 629]
line-47 [1693 636 1699 636]
line-48 [892 776 894 754]
line-49 [480 711 505 742]
line-50 [933 676 945 676]
line-51 [1678 645 1690 645]
line-52 [618 663 623 663]
line-53 [843 677 851 677]
line-54 [1520 665 1527 665]
line-55 [902 688 902 704]
line-56 [467 667 476 667]
line-57 [1335 668 1340 668]
line-58 [1528 664 1534 664]
line-59 [1527 638 1532 638]
line-60 [1718 657 1729 657]
line-61 [749 669 754 669]
line-62 [1562 657 1567 657]
line-63 [1633 625 1639 625]
line-64 [680 668 690 668]
line-65 [1541 637 1551 637]
line-66 [1475 645 1485 645]
line-67 [1175 666 1182 666]
line-68 [897 669 903 669]
line-69 [1676 647 1688 647]
line-70 [718 668 729 668]
line-71 [955 675 964 675]
line-72 [1857 624 1869 624]
line-73 [638 669 646 669]
line-74 [635 673 643 673]
line-75 [995 669 1006 668]
line-76 [621 667 635 668]
line-77 [1321 663 1331 663]
line-78 [750 676 760 676]
line-79 [945 677 952 677]
line-80 [1549 660 1560 660]
line-81 [1256 664 1264 664]
line-82 [1328 670 1354 670]
line-83 [1298 663 1303 663]
line-84 [898 722 898 711]
line-85 [1775 627 1781 627]
line-86 [1565 638 1573 638]
line-87 [1815 629 1827 629]
line-88 [644 674 652 674]
line-89 [1781 626 1788 626]
line-90 [1400 669 1410 669]
line-91 [834 677 839 677]
line-92 [1802 630 1814 630]
line-93 [1684 640 1691 640]
line-94 [1691 644 1707 644]
line-95 [1493 645 1498 644]
line-96 [562 667 570 667]
line-97 [628 666 635 666]
line-98 [1597 638 1605 638]
line-99 [903 736 903 751]
line-100 [1103 668 1109 668]
line-101 [520 763 544 791]
line-102 [635 671 646 671]
line-103 [520 660 528 660]
line-104 [1413 648 1420 648]
line-105 [1444 653 1455 653]
line-106 [1484 647 1491 646]
line-107 [1306 664 1312 664]
line-108 [602 665 608 665]
line-109 [1043 666 1048 666]
line-110 [1184 675 1192 675]
line-111 [742 675 747 675]
line-112 [560 663 565 663]
line-113 [1275 661 1282 661]
line-114 [1880 630 1886 630]
line-115 [900 697 900 690]
line-116 [1514 636 1522 636]
line-117 [1503 654 1510 654]
line-118 [1522 641 1532 640]
line-119 [1287 661 1292 661]
line-120 [592 664 602 664]
line-121 [555 668 561 668]
line-122 [539 671 550 671]
line-123 [1553 635 1558 635]
line-124 [1671 640 1676 640]
line-125 [1476 648 1483 648]
line-126 [703 668 711 668]
line-127 [1332 663 1341 663]
line-128 [542 666 561 666]
line-129 [812 668 819 668]
line-130 [1706 631 1711 631]
line-131 [1164 666 1171 666]
line-132 [547 663 552 663]
line-133 [880 671 887 671]
line-134 [1716 634 1721 634]
line-135 [453 655 460 655]
line-136 [899 708 899 701]
line-137 [1871 627 1877 627]
line-138 [1561 659 1567 659]
line-139 [1623 624 1629 624]
line-140 [774 669 779 669]
line-141 [1708 643 1715 643]
line-142 [733 668 740 668]
line-143 [1090 669 1096 669]
line-144 [1750 636 1755 636]
line-145 [1026 668 1031 668]
line-146 [902 731 902 717]
line-147 [904 781 911 781]
line-148 [1403 655 1409 655]
line-149 [541 662 546 662]
line-150 [532 660 538 660]
line-151 [1760 630 1766 630]
line-152 [1657 636 1664 636]
line-153 [1411 668 1419 668]
line-154 [1015 800 1022 801]
line-155 [1153 678 1159 678]
