line-0 [1164 666 1172 666]
line-1 [1010 668 1022 668]
line-2 [1559 667 1583 667]
line-3 [1345 662 1372 662]
line-4 [593 664 602 664]
line-5 [1410 668 1419 668]
line-6 [1264 663 1269 663]
line-7 [1062 667 1074 667]
line-8 [1477 645 1486 645]
line-9 [1080 669 1087 669]
line-10 [636 667 651 667]
line-11 [1601 638 1609 638]
line-12 [690 666 695 666]
line-13 [1818 629 1827 629]
line-14 [748 669 754 669]
line-15 [1854 629 1871 629]
line-16 [691 672 696 672]
line-17 [1113 668 1123 668]
line-18 [700 675 714 676]
line-19 [680 668 688 668]
line-20 [1858 624 1869 624]
line-21 [1316 663 1341 663]
line-22 [532 660 538 660]
line-23 [517 672 537 672]
line-24 [1845 627 1850 627]
line-25 [669 667 679 667]
line-26 [652 666 668 666]
line-27 [902 688 902 702]
line-28 [900 701 900 694]
line-29 [903 779 903 769]
line-30 [903 668 911 668]
line-31 [955 675 964 675]
line-32 [1534 638 1539 638]
line-33 [1672 640 1677 640]
line-34 [1880 630 1886 630]
line-35 [496 669 517 669]
line-36 [1811 630 1817 630]
line-37 [560 663 565 663]
line-38 [940 671 953 671]
line-39 [476 668 495 668]
line-40 [1514 636 1522 636]
line-41 [721 677 739 677]
line-42 [1542 637 1549 637]
line-43 [871 677 889 677]
line-44 [1417 654 1443 654]
line-45 [1569 658 1577 658]
line-46 [618 663 623 663]
line-47 [1677 647 1688 647]
line-48 [1565 638 1573 638]
line-49 [1231 665 1238 665]
line-50 [518 670 537 670]
line-51 [1426 647 1432 647]
line-52 [1581 639 1598 639]
line-53 [719 668 729 668]
line-54 [541 662 547 662]
line-55 [1401 669 1409 669]
line-56 [491 658 496 658]
line-57 [1776 627 1781 627]
line-58 [866 671 875 671]
line-59 [1679 645 1692 645]
line-60 [1760 630 1766 630]
line-61 [1693 637 1699 636]
line-62 [531 663 537 663]
line-63 [1302 664 1315 664]
line-64 [635 671 646 671]
line-65 [1338 668 1348 668]
line-66 [551 666 557 666]
line-67 [703 668 711 668]
line-68 [1643 637 1658 637]
line-69 [895 755 895 750]
line-70 [1495 654 1509 654]
line-71 [1439 646 1447 646]
line-72 [553 662 559 662]
line-73 [480 710 490 722]
line-74 [1104 668 1109 668]
line-75 [543 666 550 666]
line-76 [994 669 1007 668]
line-77 [1624 624 1632 624]
line-78 [636 669 647 669]
line-79 [1871 627 1877 627]
line-80 [611 665 616 665]
line-81 [1133 668 1141 668]
line-82 [1337 670 1355 670]
line-83 [1337 666 1346 666]
line-84 [903 759 903 733]
line-85 [570 672 600 672]
line-86 [1584 657 1590 657]
line-87 [1707 643 1714 643]
line-88 [628 666 635 666]
line-89 [754 668 761 668]
line-90 [1484 647 1489 647]
line-91 [1026 668 1032 668]
line-92 [946 677 952 677]
line-93 [1912 630 1919 630]
line-94 [1503 635 1508 635]
line-95 [733 668 740 668]
line-96 [602 665 608 665]
line-97 [899 708 899 702]
line-98 [1726 634 1731 634]
line-99 [1520 641 1529 641]
line-100 [1287 661 1292 661]
line-101 [902 730 902 720]
line-102 [933 676 939 676]
line-103 [1054 667 1060 667]
line-104 [1751 636 1756 636]
line-105 [1685 640 1690 640]
line-106 [1420 669 1428 669]
line-107 [1493 652 1507 652]
line-108 [1529 664 1534 664]
line-109 [577 663 587 663]
line-110 [1106 675 1111 675]
line-111 [564 667 569 667]
line-112 [930 671 935 671]
line-113 [913 670 920 670]
line-114 [1043 666 1048 666]
line-115 [1175 666 1181 666]
line-116 [1182 675 1192 675]
line-117 [1403 655 1410 655]
line-118 [1903 629 1912 629]
line-119 [1782 626 1788 626]
line-120 [520 660 528 660]
line-121 [1633 625 1641 625]
line-122 [555 668 563 668]
line-123 [1476 648 1483 648]
line-124 [624 668 632 668]
line-125 [495 729 505 741]
line-126 [709 672 714 672]
line-127 [1348 707 1357 707]
line-128 [538 671 551 671]
line-129 [903 719 903 703]
line-130 [1444 653 1450 653]
line-131 [497 658 504 658]
line-132 [1413 705 1413 715]
line-133 [1329 670 1335 670]
line-134 [1090 669 1095 669]
line-135 [1659 636 1665 636]
line-136 [1574 640 1580 640]
line-137 [1693 644 1706 644]
line-138 [467 667 475 667]
line-139 [1706 631 1711 631]
