line-0 [1298 663 1341 663]
line-1 [704 668 710 668]
line-2 [994 669 1004 669]
line-3 [1551 642 1562 641]
line-4 [955 675 964 675]
line-5 [1113 668 1122 668]
line-6 [636 667 651 667]
line-7 [939 671 954 671]
line-8 [1726 634 1733 634]
line-9 [1090 669 1096 669]
line-10 [812 668 821 668]
line-11 [754 668 761 668]
line-12 [1412 648 1417 648]
line-13 [903 668 911 668]
line-14 [680 668 688 668]
line-15 [1165 666 1171 666]
line-16 [933 676 938 676]
line-17 [719 668 729 668]
line-18 [838 676 843 676]
line-19 [497 669 517 669]
line-20 [1345 662 1372 662]
line-21 [552 662 559 662]
line-22 [1426 654 1443 654]
line-23 [1476 645 1487 645]
line-24 [1264 663 1271 663]
line-25 [690 666 695 666]
line-26 [632 669 647 669]
line-27 [1691 646 1696 646]
line-28 [560 663 565 663]
line-29 [1895 628 1900 628]
line-30 [801 666 811 666]
line-31 [1814 629 1824 629]
line-32 [1175 666 1181 666]
line-33 [1597 638 1608 638]
line-34 [868 671 876 671]
line-35 [627 666 635 666]
line-36 [518 670 537 670]
line-37 [669 667 679 667]
line-38 [1684 640 1689 640]
line-39 [822 670 832 670]
line-40 [899 709 899 704]
line-41 [1010 668 1022 668]
line-42 [1591 639 1596 639]
line-43 [1675 647 1687 647]
line-44 [1691 644 1701 644]
line-45 [577 663 587 663]
line-46 [467 667 475 667]
line-47 [1256 664 1263 664]
line-48 [1568 658 1579 658]
line-49 [1553 635 1558 635]
line-50 [546 666 562 666]
line-51 [632 671 646 671]
line-52 [880 677 888 677]
line-53 [1274 661 1281 661]
line-54 [902 689 902 703]
line-55 [1671 640 1676 640]
line-56 [1854 629 1877 629]
line-57 [832 669 846 669]
line-58 [1331 670 1339 670]
line-59 [1103 668 1110 668]
line-60 [1231 665 1240 665]
line-61 [1707 643 1715 643]
line-62 [824 674 834 674]
line-63 [1644 637 1656 637]
line-64 [1385 661 1391 661]
line-65 [518 672 537 672]
line-66 [1535 638 1540 638]
line-67 [1161 675 1191 675]
line-68 [1287 661 1292 661]
line-69 [1565 638 1572 638]
line-70 [482 713 495 729]
line-71 [1441 646 1458 646]
line-72 [1391 668 1397 668]
line-73 [1879 630 1886 630]
line-74 [903 757 903 730]
line-75 [470 657 477 657]
line-76 [1080 669 1087 669]
line-77 [898 718 898 710]
line-78 [1619 624 1631 624]
line-79 [1043 666 1048 666]
line-80 [1054 667 1074 667]
line-81 [1541 637 1550 637]
line-82 [520 660 526 660]
line-83 [1693 636 1699 636]
line-84 [1337 668 1348 668]
line-85 [1341 670 1347 670]
line-86 [1676 645 1690 645]
line-87 [1549 660 1560 660]
line-88 [1575 640 1580 640]
line-89 [555 668 563 668]
line-90 [1426 647 1437 647]
line-91 [1716 634 1721 634]
line-92 [476 668 491 668]
line-93 [1857 624 1868 624]
line-94 [602 665 607 665]
line-95 [946 677 952 677]
line-96 [1781 626 1788 626]
line-97 [564 667 569 667]
line-98 [1760 630 1766 630]
line-99 [867 677 877 677]
line-100 [717 677 735 677]
line-101 [1025 668 1032 668]
line-102 [1774 627 1781 627]
line-103 [618 663 623 663]
line-104 [1213 665 1219 665]
line-105 [1484 647 1489 647]
line-106 [1517 641 1532 640]
line-107 [1417 654 1425 654]
line-108 [900 701 900 692]
line-109 [1348 670 1353 670]
line-110 [773 669 778 669]
line-111 [844 677 851 677]
line-112 [1903 629 1912 629]
line-113 [652 666 669 666]
line-114 [1913 630 1919 630]
line-115 [707 676 714 676]
line-116 [496 731 501 736]
line-117 [933 670 938 670]
line-118 [593 664 601 664]
line-119 [902 769 902 758]
line-120 [895 753 895 747]
line-121 [691 672 696 672]
line-122 [532 660 537 660]
line-123 [913 670 920 670]
line-124 [1133 668 1141 668]
line-125 [624 668 631 668]
line-126 [514 661 519 661]
line-127 [1421 669 1428 669]
line-128 [885 777 892 778]
line-129 [1476 648 1483 648]
line-130 [748 669 754 669]
line-131 [1223 662 1228 662]
line-132 [1514 636 1522 636]
line-133 [611 665 616 665]
line-134 [897 733 897 725]
line-135 [708 672 713 672]
line-136 [878 671 887 671]
line-137 [495 731 500 736]
line-138 [733 668 740 668]
line-139 [538 671 550 671]
line-140 [1635 625 1641 625]
line-141 [897 739 897 734]
line-142 [1561 659 1567 659]
