line-0 [1299 663 1336 663]
line-1 [1021 668 1028 668]
line-2 [1519 641 1530 641]
line-3 [1007 667 1013 667]
line-4 [999 668 1006 668]
line-5 [644 666 662 666]
line-6 [979 676 988 676]
line-7 [1762 630 1768 630]
line-8 [1576 640 1581 640]
line-9 [1055 667 1076 667]
line-10 [625 668 637 668]
line-11 [729 667 734 667]
line-12 [1715 634 1724 634]
line-13 [1104 668 1110 668]
line-14 [837 676 845 676]
line-15 [1347 662 1373 662]
line-16 [573 672 593 672]
line-17 [1165 666 1172 666]
line-18 [1858 629 1879 629]
line-19 [1202 663 1207 663]
line-20 [1430 654 1444 654]
line-21 [638 669 648 669]
line-22 [723 668 728 668]
line-23 [1080 669 1088 669]
line-24 [581 663 586 663]
line-25 [1693 644 1701 644]
line-26 [593 664 602 664]
line-27 [550 666 566 666]
line-28 [1914 630 1919 630]
line-29 [1518 636 1525 636]
line-30 [518 660 539 660]
line-31 [1784 626 1792 626]
line-32 [1043 666 1049 666]
line-33 [1446 653 1455 653]
line-34 [955 675 965 674]
line-35 [931 670 941 670]
line-36 [844 779 883 783]
line-37 [676 673 682 673]
line-38 [1418 647 1425 647]
line-39 [1543 637 1552 637]
line-40 [1708 631 1714 631]
line-41 [624 670 633 670]
line-42 [1435 647 1451 646]
line-43 [942 671 952 671]
line-44 [1288 661 1294 661]
line-45 [492 737 501 748]
line-46 [1753 636 1758 636]
line-47 [669 667 680 667]
line-48 [779 668 788 668]
line-49 [1248 662 1253 662]
line-50 [1175 666 1182 666]
line-51 [1257 664 1266 663]
line-52 [1495 652 1508 652]
line-53 [1114 668 1123 668]
line-54 [1674 640 1679 640]
line-55 [692 672 697 672]
line-56 [552 662 561 662]
line-57 [542 665 549 665]
line-58 [1637 625 1643 625]
line-59 [1875 627 1880 627]
line-60 [503 669 517 669]
line-61 [1678 647 1683 647]
line-62 [1273 661 1283 661]
line-63 [706 668 711 668]
line-64 [1567 638 1575 638]
line-65 [705 676 715 676]
line-66 [466 667 478 667]
line-67 [634 671 647 671]
line-68 [1816 629 1827 629]
line-69 [1417 741 1435 741]
line-70 [527 782 544 803]
line-71 [523 670 539 670]
line-72 [476 717 491 736]
line-73 [1603 638 1610 638]
line-74 [556 668 566 668]
line-75 [822 670 832 670]
line-76 [1645 637 1654 637]
line-77 [1232 665 1241 665]
line-78 [634 673 643 673]
line-79 [1691 646 1699 646]
line-80 [1564 659 1569 659]
line-81 [824 674 836 674]
line-82 [1621 624 1636 624]
line-83 [1495 654 1511 654]
line-84 [1696 636 1701 636]
line-85 [1477 648 1490 647]
line-86 [1404 655 1410 655]
line-87 [832 669 846 669]
line-88 [1679 645 1688 645]
line-89 [1806 630 1811 630]
line-90 [540 671 555 671]
line-91 [755 668 761 668]
line-92 [1334 670 1344 670]
line-93 [717 667 722 667]
line-94 [953 670 965 670]
line-95 [766 667 773 667]
line-96 [1134 668 1141 668]
line-97 [1073 342 1086 349]
line-98 [802 666 812 666]
line-99 [1705 643 1718 643]
line-100 [1660 636 1667 636]
line-101 [541 667 548 667]
line-102 [515 768 525 780]
line-103 [695 667 700 667]
line-104 [629 666 637 666]
line-105 [1369 741 1375 741]
line-106 [734 668 740 668]
line-107 [1424 654 1429 654]
line-108 [792 668 797 668]
line-109 [1537 638 1542 638]
line-110 [1030 668 1035 668]
line-111 [1882 630 1887 630]
line-112 [1552 660 1562 660]
line-113 [904 776 904 787]
line-114 [532 663 537 663]
line-115 [484 668 498 668]
line-116 [895 778 896 773]
line-117 [1350 740 1368 740]
line-118 [947 677 952 677]
line-119 [1839 622 1844 622]
line-120 [813 668 821 668]
line-121 [509 660 514 660]
line-122 [696 676 701 676]
line-123 [1860 624 1865 624]
line-124 [1090 669 1095 669]
line-125 [1186 675 1193 675]
