line-0 [999 668 1006 668]
line-1 [1245 662 1253 662]
line-2 [822 670 832 670]
line-3 [1336 668 1345 668]
line-4 [1142 667 1148 667]
line-5 [1257 664 1263 664]
line-6 [1441 653 1452 653]
line-7 [941 671 950 671]
line-8 [634 673 646 673]
line-9 [606 673 625 673]
line-10 [1157 666 1162 666]
line-11 [581 672 600 672]
line-12 [504 669 522 669]
line-13 [1404 655 1409 655]
line-14 [733 668 741 668]
line-15 [1021 668 1032 668]
line-16 [669 667 680 667]
line-17 [523 670 538 670]
line-18 [955 670 965 670]
line-19 [519 660 538 660]
line-20 [628 666 636 666]
line-21 [1475 645 1488 645]
line-22 [1584 638 1595 638]
line-23 [1186 664 1191 664]
line-24 [1081 669 1095 669]
line-25 [1336 662 1344 662]
line-26 [1346 662 1373 662]
line-27 [1483 647 1488 647]
line-28 [477 658 484 658]
line-29 [768 676 805 676]
line-30 [903 783 903 753]
line-31 [710 672 716 672]
line-32 [931 670 940 670]
line-33 [1796 630 1801 630]
line-34 [1494 654 1500 654]
line-35 [1539 637 1550 637]
line-36 [1202 663 1207 663]
line-37 [792 668 797 668]
line-38 [1165 666 1172 666]
line-39 [1417 647 1427 647]
line-40 [1896 628 1901 628]
line-41 [1857 629 1879 629]
line-42 [1558 641 1563 641]
line-43 [552 662 562 662]
line-44 [1646 636 1667 636]
line-45 [532 663 537 663]
line-46 [593 664 598 664]
line-47 [1114 668 1129 668]
line-48 [505 659 514 660]
line-49 [541 671 553 671]
line-50 [1272 661 1281 661]
line-51 [1310 663 1324 663]
line-52 [470 657 477 657]
line-53 [1717 634 1723 634]
line-54 [1819 629 1830 629]
line-55 [638 669 647 669]
line-56 [1520 641 1529 641]
line-57 [479 668 503 668]
line-58 [1055 667 1075 667]
line-59 [1859 624 1865 624]
line-60 [1397 669 1403 669]
line-61 [846 670 851 670]
line-62 [1233 665 1239 665]
line-63 [1678 645 1686 645]
line-64 [618 663 624 663]
line-65 [892 782 893 768]
line-66 [1783 626 1791 626]
line-67 [1688 646 1697 646]
line-68 [1213 665 1218 665]
line-69 [1688 644 1702 644]
line-70 [1197 676 1205 676]
line-71 [1761 630 1767 630]
line-72 [635 671 647 671]
line-73 [646 666 661 666]
line-74 [832 669 846 669]
line-75 [1133 668 1141 668]
line-76 [1529 640 1534 640]
line-77 [1357 665 1367 665]
line-78 [1874 627 1879 627]
line-79 [724 668 729 668]
line-80 [611 664 618 664]
line-81 [1185 675 1192 675]
line-82 [548 666 558 666]
line-83 [1455 645 1461 645]
line-84 [1422 654 1440 654]
line-85 [1477 648 1482 648]
line-86 [1330 670 1353 670]
line-87 [1519 636 1525 636]
line-88 [1409 740 1428 740]
line-89 [1175 666 1181 666]
line-90 [851 669 859 669]
line-91 [1599 638 1607 638]
line-92 [1914 630 1919 630]
line-93 [496 738 502 745]
line-94 [1552 641 1557 641]
line-95 [559 666 569 667]
line-96 [705 676 714 676]
line-97 [1804 630 1811 630]
line-98 [896 751 897 736]
line-99 [1555 660 1577 657]
line-100 [697 674 702 674]
line-101 [960 675 965 675]
line-102 [466 667 478 667]
line-103 [1703 643 1717 643]
line-104 [1104 668 1109 668]
line-105 [1355 739 1367 740]
line-106 [624 668 637 668]
line-107 [903 734 903 697]
line-108 [866 671 876 671]
line-109 [1504 651 1512 651]
line-110 [802 666 812 666]
line-111 [1838 622 1843 622]
line-112 [339 530 351 545]
line-113 [825 674 835 674]
line-114 [947 677 953 677]
line-115 [762 667 770 667]
line-116 [1421 705 1428 705]
line-117 [1619 624 1626 624]
line-118 [690 666 695 666]
line-119 [1325 663 1333 663]
line-120 [1707 631 1713 631]
line-121 [1688 639 1694 639]
line-122 [330 516 339 528]
line-123 [1223 662 1228 662]
line-124 [1678 647 1686 647]
line-125 [581 663 586 663]
line-126 [485 724 491 732]
line-127 [1558 639 1563 639]
line-128 [902 668 911 668]
line-129 [1391 786 1402 786]
line-130 [1287 661 1294 661]
line-131 [1300 663 1305 663]
line-132 [1694 636 1699 636]
line-133 [754 668 761 668]
line-134 [1494 652 1500 652]
line-135 [1633 624 1639 624]
line-136 [1409 668 1432 668]
line-137 [1678 658 1683 658]
line-138 [746 668 751 668]
line-139 [1415 653 1420 653]
line-140 [812 668 820 668]
line-141 [1395 656 1400 656]
line-142 [574 672 580 672]
line-143 [1007 667 1012 667]
line-144 [899 712 899 706]
