line-0 [1346 662 1372 662]
line-1 [557 668 566 668]
line-2 [729 667 734 667]
line-3 [1856 629 1874 629]
line-4 [994 669 1005 669]
line-5 [628 666 637 666]
line-6 [823 677 837 677]
line-7 [1307 663 1342 663]
line-8 [1412 668 1421 668]
line-9 [1055 667 1075 667]
line-10 [832 669 846 669]
line-11 [722 668 728 668]
line-12 [879 677 891 677]
line-13 [1142 667 1148 667]
line-14 [522 670 539 670]
line-15 [1442 646 1451 646]
line-16 [1565 638 1574 638]
line-17 [1133 668 1141 668]
line-18 [534 784 550 804]
line-19 [623 670 633 670]
line-20 [540 671 555 671]
line-21 [1680 647 1690 647]
line-22 [1904 629 1913 629]
line-23 [1081 669 1088 669]
line-24 [1620 624 1630 624]
line-25 [673 675 678 675]
line-26 [577 663 586 663]
line-27 [838 676 844 676]
line-28 [822 670 832 670]
line-29 [1686 640 1692 640]
line-30 [1570 658 1581 658]
line-31 [941 671 953 671]
line-32 [754 668 761 668]
line-33 [1761 630 1767 630]
line-34 [634 671 647 671]
line-35 [1232 665 1242 665]
line-36 [879 671 887 671]
line-37 [1273 661 1281 661]
line-38 [825 674 835 674]
line-39 [1717 634 1723 634]
line-40 [903 735 903 698]
line-41 [1256 664 1263 664]
line-42 [1336 668 1349 668]
line-43 [485 721 502 743]
line-44 [1859 624 1871 624]
line-45 [1820 629 1830 629]
line-46 [673 667 679 667]
line-47 [1553 641 1563 641]
line-48 [1375 707 1386 707]
line-49 [634 673 646 673]
line-50 [545 666 566 666]
line-51 [1223 662 1228 662]
line-52 [504 669 521 669]
line-53 [1478 645 1489 645]
line-54 [697 674 702 674]
line-55 [1692 644 1706 644]
line-56 [624 668 631 668]
line-57 [1430 654 1444 654]
line-58 [1881 630 1887 630]
line-59 [649 666 662 666]
line-60 [532 663 537 663]
line-61 [1644 637 1656 637]
line-62 [978 676 987 676]
line-63 [954 670 965 670]
line-64 [637 669 648 669]
line-65 [592 663 602 664]
line-66 [1752 636 1757 636]
line-67 [903 668 911 668]
line-68 [1709 643 1716 643]
line-69 [955 675 965 675]
line-70 [507 660 515 660]
line-71 [740 667 745 667]
line-72 [1090 669 1095 669]
line-73 [1011 668 1017 668]
line-74 [931 670 940 670]
line-75 [1104 668 1109 668]
line-76 [1575 640 1582 640]
line-77 [1635 625 1643 625]
line-78 [893 776 893 767]
line-79 [813 668 821 668]
line-80 [767 667 773 667]
line-81 [1847 627 1852 627]
line-82 [1182 675 1187 675]
line-83 [1603 638 1610 638]
line-84 [1484 647 1490 647]
line-85 [1175 666 1185 665]
line-86 [525 672 539 672]
line-87 [1543 637 1552 637]
line-88 [899 720 899 705]
line-89 [1414 653 1420 653]
line-90 [867 671 876 671]
line-91 [1520 641 1533 640]
line-92 [1500 649 1512 649]
line-93 [1913 630 1919 630]
line-94 [801 666 808 666]
line-95 [1193 676 1205 676]
line-96 [639 667 645 667]
line-97 [1287 661 1293 661]
line-98 [1693 646 1699 646]
line-99 [1510 636 1515 635]
line-100 [1329 670 1354 670]
line-101 [519 660 529 660]
line-102 [1536 638 1542 638]
line-103 [1422 669 1429 669]
line-104 [734 668 740 668]
line-105 [552 662 560 662]
line-106 [1873 627 1879 627]
line-107 [518 764 533 783]
line-108 [1165 666 1172 666]
line-109 [1477 648 1484 648]
line-110 [1213 665 1219 665]
line-111 [467 667 481 667]
line-112 [1044 666 1049 666]
line-113 [845 677 850 677]
line-114 [900 693 900 703]
line-115 [913 673 918 673]
line-116 [1453 646 1458 646]
line-117 [815 676 822 676]
line-118 [903 769 903 754]
line-119 [493 668 503 668]
line-120 [1657 636 1663 636]
line-121 [1299 663 1304 663]
line-122 [716 667 721 667]
line-123 [913 670 919 670]
line-124 [1190 665 1195 665]
line-125 [1115 669 1123 668]
line-126 [1349 708 1356 708]
line-127 [1504 635 1509 635]
line-128 [1392 668 1398 668]
line-129 [873 677 878 677]
line-130 [1813 630 1818 630]
line-131 [1020 668 1030 668]
line-132 [898 729 898 721]
line-133 [1553 660 1559 660]
line-134 [779 668 784 668]
line-135 [1445 653 1452 653]
line-136 [1784 626 1789 626]
line-137 [531 660 539 660]
line-138 [946 677 953 677]
line-139 [1838 622 1843 622]
line-140 [885 780 891 780]
line-141 [587 662 592 662]
line-142 [852 669 861 669]
line-143 [1399 669 1404 669]
line-144 [893 766 894 759]
