line-0 [1346 662 1372 662]
line-1 [1134 668 1141 668]
line-2 [502 669 520 669]
line-3 [941 671 953 671]
line-4 [733 668 740 668]
line-5 [1855 629 1879 628]
line-6 [1609 656 1620 656]
line-7 [954 670 965 670]
line-8 [470 657 476 657]
line-9 [1653 636 1667 636]
line-10 [1054 667 1075 667]
line-11 [464 658 470 658]
line-12 [1299 663 1326 663]
line-13 [624 668 636 668]
line-14 [637 669 648 669]
line-15 [569 672 585 672]
line-16 [934 675 942 675]
line-17 [1694 636 1700 636]
line-18 [1423 654 1435 654]
line-19 [867 671 876 671]
line-20 [903 735 903 700]
line-21 [931 670 940 670]
line-22 [999 668 1006 668]
line-23 [1597 638 1609 638]
line-24 [1545 637 1550 637]
line-25 [1859 624 1865 624]
line-26 [602 665 607 665]
line-27 [903 668 911 668]
line-28 [650 666 662 666]
line-29 [955 675 965 675]
line-30 [1273 661 1282 661]
line-31 [1549 660 1560 660]
line-32 [1584 638 1592 638]
line-33 [337 523 344 532]
line-34 [623 670 633 670]
line-35 [1475 645 1488 645]
line-36 [1672 640 1678 640]
line-37 [523 672 538 672]
line-38 [521 670 539 670]
line-39 [480 714 499 738]
line-40 [822 670 846 669]
line-41 [1553 641 1563 641]
line-42 [467 667 478 667]
line-43 [1287 661 1293 661]
line-44 [913 673 918 673]
line-45 [859 679 869 679]
line-46 [479 668 501 668]
line-47 [1104 668 1109 668]
line-48 [1519 641 1525 641]
line-49 [945 677 952 677]
line-50 [1329 670 1342 670]
line-51 [893 771 893 765]
line-52 [1677 647 1686 647]
line-53 [1690 644 1701 644]
line-54 [723 677 730 677]
line-55 [871 677 885 677]
line-56 [552 662 560 662]
line-57 [1575 640 1581 640]
line-58 [577 663 587 663]
line-59 [593 664 602 664]
line-60 [1142 667 1148 667]
line-61 [634 671 647 671]
line-62 [1627 624 1637 624]
line-63 [1776 627 1782 627]
line-64 [1880 630 1887 630]
line-65 [1343 670 1354 670]
line-66 [745 668 750 668]
line-67 [1090 669 1095 669]
line-68 [1213 665 1219 665]
line-69 [1437 654 1451 652]
line-70 [669 667 680 667]
line-71 [899 705 899 718]
line-72 [1896 628 1901 628]
line-73 [545 666 565 666]
line-74 [681 668 689 668]
line-75 [1433 668 1440 668]
line-76 [1566 638 1574 638]
line-77 [1782 626 1790 626]
line-78 [1256 664 1263 664]
line-79 [904 747 904 740]
line-80 [879 671 887 671]
line-81 [804 666 812 666]
line-82 [827 674 835 674]
line-83 [532 660 538 660]
line-84 [1761 630 1767 630]
line-85 [1717 634 1723 634]
line-86 [1081 669 1087 669]
line-87 [1543 635 1549 635]
line-88 [852 669 861 669]
line-89 [1913 630 1919 630]
line-90 [540 671 553 671]
line-91 [902 699 902 694]
line-92 [1174 666 1182 666]
line-93 [1522 665 1528 665]
line-94 [496 658 501 658]
line-95 [849 679 858 679]
line-96 [1691 646 1697 646]
line-97 [1555 639 1563 639]
line-98 [632 666 637 666]
line-99 [1873 627 1878 627]
line-100 [1411 668 1417 668]
line-101 [716 667 721 667]
line-102 [1338 668 1346 668]
line-103 [1232 665 1237 665]
line-104 [1413 653 1422 653]
line-105 [345 534 355 547]
line-106 [634 673 645 673]
line-107 [903 750 903 778]
line-108 [521 660 529 660]
line-109 [558 668 564 668]
line-110 [1404 655 1409 655]
line-111 [1503 635 1510 635]
line-112 [1477 648 1483 648]
line-113 [754 668 761 668]
line-114 [1202 663 1207 663]
line-115 [1022 668 1035 668]
line-116 [894 764 895 751]
line-117 [1501 649 1512 649]
line-118 [766 667 772 667]
line-119 [896 750 896 742]
line-120 [1165 666 1172 666]
line-121 [532 663 537 663]
line-122 [913 670 919 670]
line-123 [1484 647 1489 647]
line-124 [1517 636 1524 636]
line-125 [1179 675 1192 675]
line-126 [1702 643 1717 643]
line-127 [506 660 514 660]
line-128 [618 663 624 663]
line-129 [815 668 821 668]
line-130 [1327 663 1339 663]
line-131 [1424 669 1429 669]
line-132 [1847 627 1856 627]
line-133 [722 668 729 668]
line-134 [1707 631 1712 631]
line-135 [1619 624 1626 624]
line-136 [331 514 337 521]
line-137 [1645 637 1652 637]
line-138 [897 740 897 729]
line-139 [1012 668 1017 668]
line-140 [1223 662 1228 662]
line-141 [1679 645 1687 645]
line-142 [1561 659 1567 659]
