line-0 [999 668 1006 668]
line-1 [1309 663 1338 663]
line-2 [1404 668 1425 668]
line-3 [1090 669 1095 669]
line-4 [623 670 633 670]
line-5 [1863 629 1880 629]
line-6 [573 672 599 672]
line-7 [1202 663 1207 663]
line-8 [1223 662 1229 662]
line-9 [1055 667 1076 667]
line-10 [942 671 953 671]
line-11 [1805 630 1812 630]
line-12 [746 668 751 668]
line-13 [1213 665 1218 665]
line-14 [733 668 740 668]
line-15 [1287 661 1294 661]
line-16 [628 666 637 666]
line-17 [1540 637 1551 637]
line-18 [552 662 564 663]
line-19 [1816 629 1829 629]
line-20 [1860 624 1866 624]
line-21 [1695 636 1701 636]
line-22 [1715 634 1724 634]
line-23 [765 667 772 667]
line-24 [813 668 821 668]
line-25 [634 673 646 673]
line-26 [1272 661 1283 661]
line-27 [1257 664 1263 664]
line-28 [1494 652 1504 652]
line-29 [1142 667 1148 667]
line-30 [544 671 555 671]
line-31 [716 667 722 667]
line-32 [1679 645 1688 645]
line-33 [1689 646 1698 646]
line-34 [1166 666 1173 666]
line-35 [670 667 680 667]
line-36 [542 665 548 665]
line-37 [832 669 837 669]
line-38 [502 669 522 669]
line-39 [631 668 638 668]
line-40 [954 670 965 670]
line-41 [1006 667 1013 667]
line-42 [1567 638 1575 638]
line-43 [1654 636 1664 636]
line-44 [1596 638 1610 638]
line-45 [1477 648 1484 648]
line-46 [827 777 845 778]
line-47 [1358 662 1372 662]
line-48 [1427 647 1433 647]
line-49 [1426 654 1434 654]
line-50 [1339 662 1344 662]
line-51 [1495 654 1509 654]
line-52 [822 670 832 670]
line-53 [549 666 567 666]
line-54 [1518 636 1526 636]
line-55 [1620 624 1638 624]
line-56 [519 660 539 660]
line-57 [1520 641 1527 641]
line-58 [641 669 647 669]
line-59 [675 673 680 673]
line-60 [482 668 501 668]
line-61 [577 663 586 663]
line-62 [1175 666 1182 666]
line-63 [1780 627 1791 626]
line-64 [1411 654 1416 653]
line-65 [1191 665 1196 665]
line-66 [828 674 835 674]
line-67 [1048 332 1055 335]
line-68 [1404 655 1410 655]
line-69 [643 666 661 666]
line-70 [634 671 648 671]
line-71 [719 674 724 674]
line-72 [792 668 800 668]
line-73 [1552 660 1558 660]
line-74 [1850 627 1857 627]
line-75 [860 780 873 781]
line-76 [1186 675 1193 675]
line-77 [1350 665 1368 665]
line-78 [1194 676 1206 676]
line-79 [476 715 491 732]
line-80 [1679 658 1684 658]
line-81 [897 742 897 737]
line-82 [1300 663 1308 663]
line-83 [1689 644 1699 644]
line-84 [932 670 941 670]
line-85 [1245 662 1253 662]
line-86 [1021 668 1028 668]
line-87 [1435 646 1447 646]
line-88 [1438 654 1447 653]
line-89 [593 664 603 664]
line-90 [624 668 630 668]
line-91 [1914 630 1919 630]
line-92 [1576 640 1581 640]
line-93 [1081 669 1088 669]
line-94 [525 672 539 672]
line-95 [1346 662 1357 662]
line-96 [1585 638 1593 638]
line-97 [779 668 787 668]
line-98 [904 751 904 740]
line-99 [893 778 893 773]
line-100 [937 676 943 675]
line-101 [509 660 515 660]
line-102 [1504 635 1510 635]
line-103 [802 666 812 666]
line-104 [1232 665 1240 665]
line-105 [1678 647 1683 647]
line-106 [466 667 481 667]
line-107 [1134 668 1141 668]
line-108 [1554 641 1564 641]
line-109 [1338 668 1349 667]
line-110 [523 670 533 670]
line-111 [1762 630 1768 630]
line-112 [705 676 714 676]
line-113 [1680 643 1685 642]
line-114 [471 657 477 657]
line-115 [903 757 903 763]
line-116 [1529 640 1535 640]
line-117 [947 677 953 677]
line-118 [723 668 728 668]
line-119 [1413 788 1419 788]
line-120 [1398 788 1411 788]
line-121 [1056 336 1068 341]
line-122 [557 668 567 668]
line-123 [1712 643 1717 643]
line-124 [1700 644 1708 643]
line-125 [624 673 630 673]
line-126 [1367 708 1376 708]
line-127 [875 782 880 782]
