line-0 [1679 645 1690 645]
line-1 [1213 665 1220 665]
line-2 [480 668 502 668]
line-3 [1052 667 1075 667]
line-4 [1651 636 1668 636]
line-5 [815 668 821 668]
line-6 [801 666 812 666]
line-7 [1421 654 1441 654]
line-8 [634 673 646 673]
line-9 [913 670 920 670]
line-10 [960 675 966 675]
line-11 [1484 647 1489 647]
line-12 [1142 667 1148 667]
line-13 [1299 663 1342 663]
line-14 [733 668 740 668]
line-15 [503 669 522 669]
line-16 [1273 661 1283 661]
line-17 [1805 630 1830 629]
line-18 [913 673 918 673]
line-19 [1783 626 1791 626]
line-20 [637 669 647 669]
line-21 [1598 638 1610 638]
line-22 [541 671 555 671]
line-23 [1133 668 1141 668]
line-24 [669 667 680 667]
line-25 [1550 660 1562 660]
line-26 [1175 666 1182 666]
line-27 [718 674 723 674]
line-28 [509 660 515 660]
line-29 [1566 638 1575 638]
line-30 [1245 662 1253 662]
line-31 [519 660 539 660]
line-32 [954 670 964 670]
line-33 [1346 662 1373 662]
line-34 [769 676 805 676]
line-35 [1856 629 1879 629]
line-36 [623 670 647 671]
line-37 [1695 636 1700 636]
line-38 [1104 668 1110 668]
line-39 [1081 669 1095 669]
line-40 [779 668 788 668]
line-41 [1517 636 1525 636]
line-42 [593 664 602 664]
line-43 [1570 658 1575 658]
line-44 [946 677 953 677]
line-45 [838 777 857 778]
line-46 [523 670 540 670]
line-47 [1541 637 1550 637]
line-48 [1730 634 1735 634]
line-49 [723 668 728 668]
line-50 [1504 635 1509 635]
line-51 [1232 665 1240 665]
line-52 [577 663 586 663]
line-53 [1707 631 1712 631]
line-54 [941 671 953 671]
line-55 [1519 641 1524 641]
line-56 [477 658 483 658]
line-57 [628 666 636 666]
line-58 [1476 645 1488 645]
line-59 [1882 630 1887 630]
line-60 [1287 661 1294 661]
line-61 [1329 670 1350 670]
line-62 [1186 664 1191 664]
line-63 [457 655 462 655]
line-64 [718 676 726 676]
line-65 [1691 646 1697 646]
line-66 [547 666 567 666]
line-67 [876 781 881 781]
line-68 [933 670 940 670]
line-69 [697 674 702 674]
line-70 [474 713 480 719]
line-71 [761 667 772 667]
line-72 [1007 667 1012 667]
line-73 [816 775 822 775]
line-74 [904 752 904 739]
line-75 [1761 630 1768 630]
line-76 [1165 666 1173 666]
line-77 [627 668 636 668]
line-78 [481 720 501 746]
line-79 [705 676 713 676]
line-80 [1859 624 1865 624]
line-81 [903 784 903 753]
line-82 [1020 668 1031 668]
line-83 [897 740 897 733]
line-84 [1689 639 1694 639]
line-85 [1914 630 1919 630]
line-86 [1185 675 1192 675]
line-87 [618 663 624 663]
line-88 [1554 641 1563 641]
line-89 [1873 627 1879 627]
line-90 [1700 643 1717 643]
line-91 [1257 664 1263 664]
line-92 [1717 634 1723 634]
line-93 [532 663 537 663]
line-94 [1028 324 1036 327]
line-95 [587 662 592 662]
line-96 [754 668 761 668]
line-97 [1336 668 1346 668]
line-98 [746 668 751 668]
line-99 [466 667 479 667]
line-100 [552 662 560 662]
line-101 [1414 653 1420 653]
line-102 [1477 648 1483 648]
line-103 [1385 660 1397 660]
line-104 [1624 624 1636 624]
line-105 [1407 787 1414 787]
line-106 [727 677 736 677]
line-107 [809 775 815 775]
line-108 [792 668 797 668]
line-109 [1585 638 1593 638]
line-110 [893 771 893 766]
line-111 [868 780 873 780]
line-112 [646 666 661 666]
line-113 [1575 640 1581 640]
line-114 [1673 640 1678 640]
line-115 [1118 668 1129 668]
line-116 [1404 655 1409 655]
line-117 [1563 659 1569 659]
line-118 [1223 662 1229 662]
line-119 [887 783 892 783]
line-120 [1679 647 1688 647]
line-121 [1692 644 1699 644]
line-122 [1392 787 1405 787]
line-123 [1397 789 1404 789]
