line-0 [1562 659 1569 659]
line-1 [1308 663 1342 663]
line-2 [720 668 729 668]
line-3 [745 668 750 668]
line-4 [897 669 902 669]
line-5 [979 676 990 676]
line-6 [1064 667 1075 667]
line-7 [592 674 598 674]
line-8 [931 670 941 670]
line-9 [1576 658 1581 658]
line-10 [1133 668 1141 668]
line-11 [514 759 526 774]
line-12 [1816 630 1830 629]
line-13 [1603 638 1610 638]
line-14 [482 668 497 668]
line-15 [599 673 629 673]
line-16 [543 666 565 666]
line-17 [1500 649 1509 649]
line-18 [994 669 999 669]
line-19 [952 670 965 670]
line-20 [540 671 552 671]
line-21 [1104 668 1109 668]
line-22 [593 664 602 664]
line-23 [1233 665 1240 665]
line-24 [1859 624 1871 624]
line-25 [577 663 587 663]
line-26 [1055 667 1063 667]
line-27 [1855 629 1877 629]
line-28 [1477 648 1484 648]
line-29 [502 669 520 669]
line-30 [1421 654 1434 654]
line-31 [1181 675 1192 675]
line-32 [1550 660 1561 660]
line-33 [1691 644 1701 644]
line-34 [902 697 902 691]
line-35 [1536 638 1542 638]
line-36 [1762 630 1767 630]
line-37 [669 667 689 668]
line-38 [1481 645 1489 645]
line-39 [1165 666 1172 666]
line-40 [555 662 560 662]
line-41 [955 675 965 675]
line-42 [1880 630 1886 630]
line-43 [1519 641 1526 641]
line-44 [1517 636 1524 636]
line-45 [573 672 598 672]
line-46 [1692 646 1698 646]
line-47 [1175 666 1182 666]
line-48 [521 670 539 670]
line-49 [935 675 942 675]
line-50 [1655 636 1667 636]
line-51 [779 668 784 668]
line-52 [776 676 804 676]
line-53 [1358 662 1366 662]
line-54 [542 662 547 662]
line-55 [1275 661 1283 661]
line-56 [1287 661 1294 661]
line-57 [1402 740 1423 740]
line-58 [527 775 535 785]
line-59 [531 660 539 660]
line-60 [1543 637 1551 637]
line-61 [1847 627 1852 627]
line-62 [903 735 903 698]
line-63 [1707 631 1713 631]
line-64 [894 764 895 751]
line-65 [942 671 951 671]
line-66 [1555 639 1563 639]
line-67 [508 660 515 660]
line-68 [718 674 723 674]
line-69 [477 711 495 733]
line-70 [1913 630 1919 630]
line-71 [1114 668 1123 668]
line-72 [665 675 671 675]
line-73 [1338 668 1347 668]
line-74 [1213 665 1218 665]
line-75 [1553 641 1563 641]
line-76 [1256 664 1263 664]
line-77 [1346 662 1357 662]
line-78 [467 667 478 667]
line-79 [1080 669 1088 669]
line-80 [520 660 530 661]
line-81 [653 666 662 666]
line-82 [692 672 697 672]
line-83 [1727 634 1735 634]
line-84 [768 676 775 676]
line-85 [900 700 900 692]
line-86 [1411 668 1424 668]
line-87 [602 665 607 665]
line-88 [628 666 636 666]
line-89 [1677 647 1688 647]
line-90 [646 666 652 666]
line-91 [897 742 897 734]
line-92 [1529 664 1535 664]
line-93 [734 674 739 674]
line-94 [903 777 903 758]
line-95 [1444 653 1451 653]
line-96 [1330 670 1355 670]
line-97 [634 673 645 673]
line-98 [1475 645 1480 645]
line-99 [1627 624 1634 624]
line-100 [1414 653 1420 653]
line-101 [1142 667 1148 667]
line-102 [1717 634 1723 634]
line-103 [1776 627 1783 627]
line-104 [623 667 635 668]
line-105 [618 663 624 663]
line-106 [1413 742 1423 742]
line-107 [1566 638 1574 638]
line-108 [1673 640 1678 640]
line-109 [1618 625 1626 624]
line-110 [903 668 911 668]
line-111 [1504 635 1509 635]
line-112 [1025 668 1032 668]
line-113 [1435 740 1441 740]
line-114 [765 667 772 667]
line-115 [1751 636 1757 636]
line-116 [1707 643 1716 643]
line-117 [622 670 627 670]
line-118 [999 313 1006 315]
line-119 [1485 647 1490 647]
line-120 [1872 627 1879 627]
line-121 [928 677 933 677]
line-122 [913 673 918 673]
line-123 [1404 655 1410 655]
line-124 [733 668 740 668]
line-125 [637 669 645 669]
line-126 [640 671 647 671]
line-127 [1223 662 1228 662]
line-128 [899 710 899 703]
line-129 [540 791 548 801]
line-130 [1396 785 1404 785]
line-131 [1435 654 1440 654]
line-132 [945 677 953 677]
line-133 [1633 659 1638 658]
line-134 [1043 666 1049 666]
line-135 [1695 636 1700 636]
line-136 [1635 625 1642 625]
line-137 [754 668 761 668]
line-138 [1351 668 1356 668]
line-139 [634 671 639 671]
line-140 [532 663 538 663]
line-141 [1299 663 1307 663]
line-142 [1645 637 1652 637]
line-143 [1400 742 1412 742]
line-144 [1367 662 1372 662]
line-145 [1838 622 1843 622]
