line-0 [1300 663 1342 663]
line-1 [868 677 884 677]
line-2 [1347 662 1374 662]
line-3 [779 668 788 668]
line-4 [480 668 500 668]
line-5 [669 667 680 667]
line-6 [1519 641 1531 641]
line-7 [832 669 846 669]
line-8 [1055 667 1075 667]
line-9 [1176 666 1182 666]
line-10 [623 790 628 790]
line-11 [626 668 638 668]
line-12 [1658 636 1669 636]
line-13 [897 669 902 669]
line-14 [1243 663 1249 663]
line-15 [552 662 561 662]
line-16 [1692 644 1704 644]
line-17 [1763 630 1769 630]
line-18 [859 677 866 677]
line-19 [1420 654 1438 654]
line-20 [1591 639 1600 639]
line-21 [518 660 537 660]
line-22 [1117 668 1124 668]
line-23 [524 670 539 670]
line-24 [1214 665 1220 665]
line-25 [729 667 734 667]
line-26 [746 668 751 668]
line-27 [642 669 648 669]
line-28 [634 671 647 671]
line-29 [956 670 965 670]
line-30 [1693 646 1699 646]
line-31 [1876 627 1881 627]
line-32 [1477 648 1485 648]
line-33 [1165 666 1172 666]
line-34 [813 668 821 668]
line-35 [646 666 662 666]
line-36 [1709 631 1714 631]
line-37 [1868 624 1873 624]
line-38 [1848 627 1854 627]
line-39 [788 676 806 676]
line-40 [1822 629 1832 629]
line-41 [1352 665 1368 665]
line-42 [1646 637 1657 637]
line-43 [577 663 586 663]
line-44 [1091 669 1097 669]
line-45 [1858 629 1881 629]
line-46 [727 677 733 677]
line-47 [623 670 632 670]
line-48 [904 785 904 743]
line-49 [589 794 595 794]
line-50 [1104 668 1110 668]
line-51 [1544 637 1552 637]
line-52 [1557 639 1565 639]
line-53 [503 669 523 669]
line-54 [544 666 566 666]
line-55 [1679 647 1691 647]
line-56 [1330 670 1355 670]
line-57 [1674 640 1679 640]
line-58 [1419 647 1425 647]
line-59 [768 676 784 676]
line-60 [893 780 893 775]
line-61 [593 664 603 664]
line-62 [718 674 723 674]
line-63 [634 673 646 673]
line-64 [900 706 901 688]
line-65 [628 666 636 666]
line-66 [1020 668 1032 668]
line-67 [525 672 539 672]
line-68 [1274 661 1283 661]
line-69 [1232 665 1241 665]
line-70 [903 735 903 719]
line-71 [827 674 835 674]
line-72 [792 668 797 668]
line-73 [879 671 887 671]
line-74 [1567 638 1575 638]
line-75 [540 661 545 661]
line-76 [450 666 461 666]
line-77 [1883 630 1889 630]
line-78 [903 688 903 704]
line-79 [734 668 740 668]
line-80 [466 667 479 667]
line-81 [765 667 773 667]
line-82 [1518 636 1525 636]
line-83 [508 660 515 660]
line-84 [936 670 941 670]
line-85 [1696 636 1702 636]
line-86 [1482 645 1489 645]
line-87 [1081 669 1087 669]
line-88 [1557 641 1565 641]
line-89 [903 668 911 668]
line-90 [1914 630 1919 630]
line-91 [1007 667 1012 667]
line-92 [1501 649 1514 649]
line-93 [1624 624 1633 624]
line-94 [618 663 624 663]
line-95 [995 669 1002 669]
line-96 [611 792 621 791]
line-97 [1435 793 1441 793]
line-98 [1416 668 1421 668]
line-99 [1861 624 1867 624]
line-100 [475 714 501 746]
line-101 [942 671 955 671]
line-102 [1710 643 1718 643]
line-103 [1434 795 1442 795]
line-104 [1531 664 1537 664]
line-105 [960 675 965 675]
line-106 [1753 636 1758 636]
line-107 [802 666 812 666]
line-108 [1288 661 1294 661]
line-109 [1537 638 1543 638]
line-110 [946 677 953 677]
line-111 [1587 657 1593 657]
line-112 [824 670 832 670]
line-113 [1357 741 1371 741]
line-114 [720 668 729 668]
line-115 [1601 638 1612 638]
line-116 [646 787 651 787]
line-117 [1505 635 1510 635]
line-118 [587 662 592 662]
line-119 [899 721 899 715]
line-120 [673 675 678 675]
line-121 [1716 634 1725 634]
line-122 [570 796 575 796]
line-123 [1133 668 1140 668]
line-124 [1405 655 1411 655]
line-125 [1665 657 1674 657]
line-126 [898 729 898 724]
line-127 [540 671 552 671]
line-128 [1785 626 1790 626]
line-129 [1337 668 1348 668]
line-130 [471 657 477 657]
line-131 [532 663 538 663]
line-132 [1369 709 1374 709]
line-133 [930 671 935 671]
line-134 [895 759 896 753]
line-135 [1636 625 1643 625]
line-136 [868 671 876 671]
line-137 [755 668 761 668]
line-138 [913 670 920 670]
line-139 [1186 675 1193 675]
line-140 [1906 629 1914 629]
line-141 [1391 740 1410 740]
line-142 [552 795 564 795]
line-143 [1446 653 1452 652]
