line-0 [1578 658 1583 658]
line-1 [482 668 502 668]
line-2 [540 671 553 671]
line-3 [1050 667 1075 667]
line-4 [802 666 812 666]
line-5 [765 667 772 667]
line-6 [813 668 821 668]
line-7 [768 676 806 676]
line-8 [1104 668 1110 668]
line-9 [1420 654 1432 654]
line-10 [1091 669 1097 669]
line-11 [622 670 627 670]
line-12 [1347 662 1374 662]
line-13 [1862 629 1882 628]
line-14 [1274 661 1283 661]
line-15 [640 669 648 669]
line-16 [1657 636 1667 636]
line-17 [508 660 515 660]
line-18 [851 669 856 669]
line-19 [1495 652 1509 652]
line-20 [1599 638 1612 638]
line-21 [624 667 638 668]
line-22 [1446 653 1455 653]
line-23 [545 666 566 666]
line-24 [1478 648 1485 648]
line-25 [906 786 913 787]
line-26 [497 740 502 746]
line-27 [1114 668 1123 668]
line-28 [524 660 538 660]
line-29 [634 673 646 673]
line-30 [1081 669 1087 669]
line-31 [1300 663 1343 663]
line-32 [1013 668 1018 668]
line-33 [1370 741 1378 741]
line-34 [628 666 636 666]
line-35 [1519 641 1529 641]
line-36 [669 667 681 667]
line-37 [340 532 351 546]
line-38 [1544 637 1552 637]
line-39 [1807 630 1813 630]
line-40 [1869 624 1874 624]
line-41 [1165 666 1172 666]
line-42 [692 672 697 672]
line-43 [1257 664 1265 664]
line-44 [1176 666 1182 666]
line-45 [552 662 563 662]
line-46 [1567 638 1575 638]
line-47 [792 668 797 668]
line-48 [1694 644 1703 644]
line-49 [1906 629 1915 629]
line-50 [1849 627 1854 627]
line-51 [1438 646 1449 646]
line-52 [518 660 523 660]
line-53 [862 780 884 782]
line-54 [532 663 537 663]
line-55 [1537 638 1543 638]
line-56 [1501 649 1513 649]
line-57 [1861 624 1867 624]
line-58 [1379 744 1397 744]
line-59 [664 675 670 675]
line-60 [865 677 883 677]
line-61 [1497 654 1512 654]
line-62 [822 670 833 670]
line-63 [503 669 523 669]
line-64 [1717 634 1725 634]
line-65 [1518 636 1525 636]
line-66 [1232 665 1241 665]
line-67 [1342 668 1350 667]
line-68 [779 668 788 668]
line-69 [1485 647 1490 647]
line-70 [1587 657 1593 657]
line-71 [828 674 835 674]
line-72 [1875 627 1881 627]
line-73 [1477 645 1489 645]
line-74 [478 716 498 742]
line-75 [1556 641 1564 641]
line-76 [1418 647 1424 647]
line-77 [1553 660 1559 660]
line-78 [515 765 534 788]
line-79 [1330 670 1354 670]
line-80 [1137 371 1164 391]
line-81 [644 666 662 666]
line-82 [634 671 642 671]
line-83 [539 661 545 661]
line-84 [1589 655 1594 655]
line-85 [593 664 603 664]
line-86 [1571 658 1576 658]
line-87 [1505 635 1510 635]
line-88 [721 668 729 668]
line-89 [746 668 751 668]
line-90 [833 669 846 669]
line-91 [618 663 624 663]
line-92 [1638 625 1644 625]
line-93 [1897 628 1902 628]
line-94 [1710 643 1719 643]
line-95 [1214 665 1220 665]
line-96 [1822 629 1832 629]
line-97 [1182 675 1193 675]
line-98 [1785 626 1793 626]
line-99 [1683 645 1692 645]
line-100 [751 676 763 676]
line-101 [1753 636 1758 636]
line-102 [525 672 539 672]
line-103 [1426 647 1437 647]
line-104 [1648 637 1656 637]
line-105 [701 667 706 667]
line-106 [1420 668 1426 668]
line-107 [524 670 539 670]
line-108 [466 667 481 667]
line-109 [1409 669 1419 668]
line-110 [330 517 338 527]
line-111 [1437 794 1449 794]
line-112 [1693 646 1699 646]
line-113 [471 657 477 657]
line-114 [754 668 761 668]
line-115 [1576 640 1582 640]
line-116 [1679 647 1690 647]
line-117 [349 543 355 550]
line-118 [1709 631 1714 631]
line-119 [743 675 750 675]
line-120 [853 779 861 779]
line-121 [857 677 864 677]
line-122 [1763 630 1769 630]
line-123 [1674 640 1679 640]
line-124 [535 789 546 803]
line-125 [1288 661 1294 661]
line-126 [1611 658 1621 658]
line-127 [1696 636 1701 636]
line-128 [1021 668 1032 668]
line-129 [1406 655 1411 655]
line-130 [1398 745 1419 745]
line-131 [996 669 1003 669]
line-132 [1564 659 1569 659]
line-133 [1622 624 1628 624]
line-134 [1360 743 1370 743]
line-135 [868 671 876 671]
