line-0 [868 671 877 671]
line-1 [544 666 565 666]
line-2 [638 667 645 667]
line-3 [1402 669 1412 669]
line-4 [869 677 887 677]
line-5 [482 668 499 668]
line-6 [1375 661 1380 661]
line-7 [1214 665 1221 665]
line-8 [1055 667 1075 667]
line-9 [628 666 637 666]
line-10 [602 665 607 665]
line-11 [1654 636 1666 636]
line-12 [1081 669 1087 669]
line-13 [1423 654 1445 654]
line-14 [1300 663 1343 663]
line-15 [1818 629 1833 629]
line-16 [624 668 636 668]
line-17 [1477 645 1486 645]
line-18 [1133 668 1142 668]
line-19 [577 663 587 663]
line-20 [1697 636 1702 636]
line-21 [1428 647 1434 647]
line-22 [1244 663 1250 663]
line-23 [1764 630 1770 630]
line-24 [623 670 628 670]
line-25 [520 660 537 660]
line-26 [774 669 779 669]
line-27 [833 669 846 669]
line-28 [1908 629 1915 629]
line-29 [1117 668 1123 668]
line-30 [502 669 521 669]
line-31 [1026 668 1033 668]
line-32 [822 670 833 670]
line-33 [802 666 812 666]
line-34 [1477 648 1486 648]
line-35 [721 677 731 677]
line-36 [1521 641 1532 641]
line-37 [1502 649 1511 649]
line-38 [669 667 680 667]
line-39 [645 666 661 666]
line-40 [1538 638 1543 638]
line-41 [1572 658 1583 658]
line-42 [1347 662 1374 662]
line-43 [1567 638 1576 638]
line-44 [1258 664 1264 664]
line-45 [1331 670 1338 670]
line-46 [1840 622 1846 622]
line-47 [847 776 852 776]
line-48 [1860 629 1878 629]
line-49 [1446 653 1453 653]
line-50 [618 663 624 663]
line-51 [553 662 561 662]
line-52 [853 679 869 679]
line-53 [1717 634 1725 634]
line-54 [1604 638 1612 638]
line-55 [673 675 678 675]
line-56 [1274 661 1283 661]
line-57 [1577 640 1583 640]
line-58 [734 668 740 668]
line-59 [1884 630 1889 630]
line-60 [637 669 647 669]
line-61 [1785 626 1794 626]
line-62 [1680 647 1691 647]
line-63 [522 670 540 670]
line-64 [1232 665 1241 665]
line-65 [470 657 477 657]
line-66 [466 667 481 667]
line-67 [903 783 921 785]
line-68 [729 667 734 667]
line-69 [1710 643 1719 643]
line-70 [1186 675 1193 675]
line-71 [1342 668 1348 668]
line-72 [825 674 835 674]
line-73 [1637 625 1644 625]
line-74 [541 671 551 671]
line-75 [479 714 491 728]
line-76 [1431 668 1443 668]
line-77 [1194 676 1200 676]
line-78 [1104 668 1111 668]
line-79 [594 664 602 664]
line-80 [675 673 680 673]
line-81 [718 674 723 674]
line-82 [1340 670 1350 670]
line-83 [1174 393 1190 406]
line-84 [1012 668 1018 668]
line-85 [1622 624 1636 624]
line-86 [1556 641 1566 641]
line-87 [1191 665 1196 665]
line-88 [634 671 647 671]
line-89 [1693 646 1700 646]
line-90 [681 668 689 668]
line-91 [508 660 515 660]
line-92 [723 668 729 668]
line-93 [634 673 645 673]
line-94 [1647 637 1653 637]
line-95 [857 677 868 677]
line-96 [1553 660 1563 660]
line-97 [1165 666 1172 666]
line-98 [1357 665 1368 665]
line-99 [1674 640 1680 640]
line-100 [706 676 714 676]
line-101 [1412 654 1422 653]
line-102 [1710 631 1715 631]
line-103 [532 663 537 663]
line-104 [865 778 872 778]
line-105 [1798 630 1803 630]
line-106 [1544 637 1552 637]
line-107 [716 667 722 667]
line-108 [813 668 821 668]
line-109 [1595 639 1600 639]
line-110 [1778 627 1785 627]
line-111 [872 679 878 679]
line-112 [1877 627 1882 627]
line-113 [1520 636 1526 636]
line-114 [539 661 544 661]
line-115 [1405 655 1411 655]
line-116 [766 667 772 667]
line-117 [1163 384 1178 396]
line-118 [1695 644 1708 643]
line-119 [691 672 696 672]
line-120 [1416 668 1422 668]
line-121 [1528 665 1538 664]
line-122 [1175 666 1183 666]
line-123 [491 730 503 744]
line-124 [1288 661 1294 661]
line-125 [1862 624 1867 624]
line-126 [1352 668 1357 668]
line-127 [1373 742 1382 742]
line-128 [1091 669 1097 669]
line-129 [879 671 887 671]
line-130 [1687 640 1693 640]
line-131 [754 668 761 668]
line-132 [487 725 492 730]
line-133 [874 779 880 779]
