line-0 [479 668 501 668]
line-1 [466 667 478 667]
line-2 [1314 663 1342 663]
line-3 [833 669 846 669]
line-4 [803 666 812 666]
line-5 [1850 627 1860 627]
line-6 [628 666 637 666]
line-7 [822 670 833 670]
line-8 [1104 668 1110 668]
line-9 [721 668 729 668]
line-10 [1134 668 1142 668]
line-11 [1244 663 1249 663]
line-12 [653 666 662 666]
line-13 [839 679 857 679]
line-14 [525 672 539 672]
line-15 [825 674 836 675]
line-16 [637 669 648 669]
line-17 [1858 629 1881 629]
line-18 [634 673 646 673]
line-19 [1423 647 1434 647]
line-20 [1697 636 1702 636]
line-21 [1347 662 1374 662]
line-22 [502 669 523 669]
line-23 [1055 667 1075 667]
line-24 [734 668 740 668]
line-25 [1443 646 1456 646]
line-26 [1653 636 1668 636]
line-27 [1907 629 1915 629]
line-28 [1419 654 1445 654]
line-29 [1680 645 1693 645]
line-30 [623 670 633 670]
line-31 [1558 641 1565 641]
line-32 [871 677 889 677]
line-33 [1387 669 1394 669]
line-34 [1819 629 1827 629]
line-35 [1012 668 1018 668]
line-36 [1573 658 1578 657]
line-37 [1274 661 1283 661]
line-38 [1523 665 1530 665]
line-39 [587 662 592 662]
line-40 [552 662 561 662]
line-41 [813 668 821 668]
line-42 [1166 666 1176 666]
line-43 [673 675 678 675]
line-44 [1719 634 1725 634]
line-45 [518 660 538 660]
line-46 [593 664 603 664]
line-47 [1807 630 1814 630]
line-48 [540 671 553 671]
line-49 [1232 665 1241 665]
line-50 [1422 669 1431 669]
line-51 [1599 638 1612 638]
line-52 [1567 638 1576 638]
line-53 [765 667 772 667]
line-54 [855 778 861 778]
line-55 [1711 643 1719 643]
line-56 [1694 644 1708 644]
line-57 [1520 641 1525 641]
line-58 [1544 637 1552 637]
line-59 [1376 743 1385 743]
line-60 [779 668 788 668]
line-61 [1340 670 1350 670]
line-62 [1778 627 1785 627]
line-63 [1478 648 1485 648]
line-64 [893 783 906 784]
line-65 [1177 666 1183 666]
line-66 [560 666 567 666]
line-67 [1884 630 1889 630]
line-68 [1394 744 1417 744]
line-69 [1679 647 1692 647]
line-70 [1080 669 1088 669]
line-71 [707 676 714 676]
line-72 [1357 665 1368 665]
line-73 [634 671 647 671]
line-74 [1785 626 1793 626]
line-75 [1552 660 1565 660]
line-76 [869 671 876 671]
line-77 [1300 663 1308 663]
line-78 [1526 641 1531 641]
line-79 [478 715 499 742]
line-80 [1518 636 1525 636]
line-81 [471 657 476 657]
line-82 [1531 664 1537 664]
line-83 [1588 657 1593 657]
line-84 [507 660 515 660]
line-85 [1861 625 1868 624]
line-86 [1694 646 1700 646]
line-87 [670 667 681 667]
line-88 [577 663 586 663]
line-89 [727 677 733 677]
line-90 [624 668 636 668]
line-91 [1537 638 1543 638]
line-92 [1687 640 1693 640]
line-93 [729 667 734 667]
line-94 [1020 668 1030 668]
line-95 [1257 664 1263 664]
line-96 [851 669 856 669]
line-97 [858 679 869 679]
line-98 [1224 662 1229 662]
line-99 [1152 379 1161 386]
line-100 [1763 630 1769 630]
line-101 [1505 635 1510 635]
line-102 [1331 670 1339 670]
line-103 [862 779 884 781]
line-104 [1288 661 1294 661]
line-105 [1091 669 1097 669]
line-106 [645 666 652 666]
line-107 [334 522 341 531]
line-108 [1337 668 1349 668]
line-109 [556 668 561 668]
line-110 [1457 645 1463 645]
line-111 [1637 625 1642 625]
line-112 [1731 634 1737 633]
line-113 [857 677 869 677]
line-114 [339 530 345 537]
line-115 [542 665 548 665]
line-116 [541 667 548 667]
line-117 [754 668 761 668]
line-118 [1577 640 1583 640]
line-119 [532 663 537 663]
line-120 [821 679 833 679]
line-121 [1622 624 1627 624]
line-122 [696 676 701 676]
line-123 [549 666 559 666]
line-124 [1163 386 1169 392]
line-125 [808 674 813 674]
line-126 [1186 675 1193 675]
line-127 [995 669 1004 669]
line-128 [1675 640 1680 640]
line-129 [527 670 539 670]
line-130 [1361 742 1368 742]
line-131 [1798 630 1803 630]
line-132 [1566 659 1572 659]
