line-0 [1303 663 1339 663]
line-1 [1337 668 1348 668]
line-2 [633 673 646 673]
line-3 [676 673 683 673]
line-4 [466 667 480 667]
line-5 [729 667 734 667]
line-6 [1347 662 1373 662]
line-7 [802 666 812 666]
line-8 [1245 662 1254 662]
line-9 [1232 665 1241 665]
line-10 [833 669 846 669]
line-11 [628 666 637 666]
line-12 [1057 667 1075 667]
line-13 [942 671 952 671]
line-14 [669 667 680 667]
line-15 [1404 668 1427 668]
line-16 [593 664 603 664]
line-17 [1556 639 1564 639]
line-18 [1495 654 1509 654]
line-19 [1119 668 1130 668]
line-20 [1421 654 1453 653]
line-21 [1519 636 1526 636]
line-22 [1021 668 1030 668]
line-23 [716 667 722 667]
line-24 [587 662 592 662]
line-25 [945 677 952 677]
line-26 [953 670 965 670]
line-27 [1655 636 1669 636]
line-28 [1090 669 1095 669]
line-29 [1821 629 1832 629]
line-30 [903 668 911 668]
line-31 [914 670 919 670]
line-32 [524 670 539 670]
line-33 [718 674 723 674]
line-34 [1602 638 1611 638]
line-35 [578 672 600 672]
line-36 [1691 646 1698 646]
line-37 [581 663 586 663]
line-38 [479 720 502 747]
line-39 [1638 625 1644 625]
line-40 [1860 624 1866 624]
line-41 [438 657 443 657]
line-42 [525 672 556 671]
line-43 [1134 668 1141 668]
line-44 [532 660 539 660]
line-45 [999 668 1006 668]
line-46 [779 668 788 668]
line-47 [1209 665 1214 665]
line-48 [892 784 893 774]
line-49 [626 668 637 668]
line-50 [644 666 662 666]
line-51 [1202 663 1208 663]
line-52 [1762 630 1767 630]
line-53 [1104 668 1109 668]
line-54 [827 674 835 674]
line-55 [508 660 515 660]
line-56 [1404 744 1415 744]
line-57 [504 669 523 669]
line-58 [1288 661 1294 661]
line-59 [1889 628 1894 628]
line-60 [1520 641 1531 641]
line-61 [1862 629 1880 629]
line-62 [576 796 589 795]
line-63 [931 670 941 670]
line-64 [1007 667 1013 667]
line-65 [1708 631 1714 631]
line-66 [1678 647 1690 647]
line-67 [1081 669 1088 669]
line-68 [542 665 549 665]
line-69 [1704 643 1718 643]
line-70 [746 668 751 668]
line-71 [896 755 896 747]
line-72 [552 662 561 662]
line-73 [623 670 633 670]
line-74 [846 670 851 670]
line-75 [1456 645 1462 645]
line-76 [1142 667 1148 667]
line-77 [1502 649 1511 649]
line-78 [1850 627 1857 627]
line-79 [642 669 648 669]
line-80 [673 675 678 675]
line-81 [518 660 530 660]
line-82 [1478 648 1484 648]
line-83 [815 668 821 668]
line-84 [1716 634 1725 634]
line-85 [1542 637 1551 637]
line-86 [550 666 567 666]
line-87 [1340 662 1345 662]
line-88 [546 795 559 795]
line-89 [1569 658 1574 658]
line-90 [899 722 899 707]
line-91 [852 669 862 669]
line-92 [1555 635 1560 635]
line-93 [1386 741 1408 741]
line-94 [1172 666 1181 666]
line-95 [1274 661 1283 661]
line-96 [622 673 630 673]
line-97 [1414 653 1420 653]
line-98 [1476 645 1487 645]
line-99 [1358 665 1368 665]
line-100 [1340 665 1345 665]
line-101 [1585 638 1593 638]
line-102 [1882 630 1887 630]
line-103 [1784 626 1792 626]
line-104 [1674 640 1679 640]
line-105 [903 687 903 715]
line-106 [934 675 942 675]
line-107 [1342 670 1350 670]
line-108 [1567 638 1575 638]
line-109 [904 785 904 775]
line-110 [1330 670 1341 670]
line-111 [1555 641 1564 641]
line-112 [634 671 647 671]
line-113 [1379 743 1386 743]
line-114 [904 741 904 761]
line-115 [470 657 477 657]
line-116 [603 793 610 793]
line-117 [1680 645 1688 645]
line-118 [754 668 761 668]
line-119 [1495 652 1501 652]
line-120 [540 661 545 661]
line-121 [822 670 833 670]
line-122 [959 675 965 675]
line-123 [1418 647 1424 647]
line-124 [1596 638 1601 638]
line-125 [444 665 449 665]
line-126 [761 667 773 667]
line-127 [1356 741 1365 741]
line-128 [1165 666 1171 666]
line-129 [1258 664 1263 664]
line-130 [883 784 891 785]
line-131 [1186 675 1193 675]
line-132 [723 668 729 668]
line-133 [791 668 797 668]
line-134 [1389 743 1403 743]
line-135 [1914 630 1919 630]
line-136 [1413 791 1425 791]
line-137 [1646 637 1653 637]
line-138 [1191 665 1196 665]
line-139 [450 666 460 666]
line-140 [900 706 901 687]
line-141 [1366 742 1378 742]
line-142 [1680 643 1685 643]
line-143 [1224 662 1229 662]
line-144 [547 799 558 798]
line-145 [484 668 502 668]
line-146 [1405 655 1410 655]
line-147 [1551 660 1557 660]
line-148 [541 667 548 667]
