line-0 [1021 668 1033 668]
line-1 [1288 661 1295 661]
line-2 [1347 662 1361 662]
line-3 [610 673 629 673]
line-4 [1418 647 1437 647]
line-5 [1300 663 1340 663]
line-6 [1064 667 1075 667]
line-7 [833 669 846 669]
line-8 [827 670 833 670]
line-9 [1114 668 1124 668]
line-10 [1716 634 1725 634]
line-11 [550 666 566 666]
line-12 [722 677 740 677]
line-13 [503 669 523 669]
line-14 [1822 629 1832 629]
line-15 [943 671 948 671]
line-16 [521 660 538 660]
line-17 [670 667 680 667]
line-18 [868 671 876 671]
line-19 [1495 654 1512 654]
line-20 [762 667 773 667]
line-21 [1214 665 1220 665]
line-22 [581 663 586 663]
line-23 [633 671 647 671]
line-24 [1679 647 1689 647]
line-25 [542 665 549 665]
line-26 [644 666 662 666]
line-27 [1624 624 1638 624]
line-28 [1503 649 1512 649]
line-29 [1658 636 1668 636]
line-30 [481 668 502 668]
line-31 [524 670 539 670]
line-32 [825 674 836 674]
line-33 [1787 626 1793 626]
line-34 [1763 630 1769 630]
line-35 [1868 631 1882 631]
line-36 [1175 666 1181 666]
line-37 [706 676 714 676]
line-38 [734 668 740 668]
line-39 [1520 641 1528 641]
line-40 [612 664 618 664]
line-41 [1555 641 1564 641]
line-42 [903 731 903 686]
line-43 [1701 643 1706 643]
line-44 [1050 667 1063 667]
line-45 [768 676 783 676]
line-46 [585 794 590 794]
line-47 [708 672 714 672]
line-48 [540 671 553 671]
line-49 [1202 663 1208 663]
line-50 [1639 625 1644 625]
line-51 [903 668 912 668]
line-52 [955 675 963 675]
line-53 [1520 636 1526 636]
line-54 [1007 667 1013 667]
line-55 [639 669 648 669]
line-56 [1551 660 1562 660]
line-57 [899 717 899 710]
line-58 [1363 743 1403 744]
line-59 [622 790 627 790]
line-60 [1426 654 1432 654]
line-61 [1864 629 1874 629]
line-62 [1090 669 1095 669]
line-63 [931 670 940 670]
line-64 [1481 645 1489 645]
line-65 [754 668 761 668]
line-66 [904 784 904 746]
line-67 [1674 640 1680 640]
line-68 [1680 645 1691 645]
line-69 [1577 640 1582 640]
line-70 [1274 661 1283 661]
line-71 [658 785 664 785]
line-72 [871 677 889 677]
line-73 [1818 631 1823 631]
line-74 [1232 665 1241 665]
line-75 [1541 637 1551 637]
line-76 [1571 658 1576 658]
line-77 [1478 648 1485 648]
line-78 [1587 638 1595 638]
line-79 [774 669 788 668]
line-80 [628 666 636 666]
line-81 [901 696 901 688]
line-82 [1343 668 1350 667]
line-83 [789 676 805 676]
line-84 [802 666 812 666]
line-85 [508 660 515 660]
line-86 [751 676 763 676]
line-87 [562 795 568 795]
line-88 [947 677 954 677]
line-89 [1332 670 1342 670]
line-90 [497 740 503 747]
line-91 [524 672 539 672]
line-92 [1696 636 1702 636]
line-93 [552 662 561 662]
line-94 [1129 673 1134 673]
line-95 [478 716 496 739]
line-96 [593 664 603 664]
line-97 [1186 675 1193 675]
line-98 [1567 638 1576 638]
line-99 [813 668 821 668]
line-100 [1503 636 1509 635]
line-101 [1798 630 1803 630]
line-102 [1438 646 1451 646]
line-103 [1081 669 1088 669]
line-104 [895 764 896 749]
line-105 [1883 630 1889 630]
line-106 [1411 707 1422 707]
line-107 [624 668 638 668]
line-108 [1861 624 1867 624]
line-109 [1875 627 1881 627]
line-110 [1709 643 1719 643]
line-111 [1875 629 1881 629]
line-112 [1693 646 1699 646]
line-113 [1257 664 1262 664]
line-114 [468 667 480 667]
line-115 [1433 654 1441 654]
line-116 [858 669 863 669]
line-117 [1563 659 1569 659]
line-118 [1709 631 1715 631]
line-119 [1840 622 1845 622]
line-120 [652 786 657 786]
line-121 [743 675 750 675]
line-122 [622 670 628 670]
line-123 [1134 668 1142 668]
line-124 [1424 794 1438 794]
line-125 [995 669 1004 669]
line-126 [612 791 621 790]
line-127 [721 668 729 668]
line-128 [575 795 580 795]
line-129 [1753 636 1758 636]
line-130 [549 794 561 794]
line-131 [1597 638 1602 638]
line-132 [900 709 900 703]
line-133 [634 673 646 673]
line-134 [1442 654 1451 653]
line-135 [1428 796 1436 796]
line-136 [851 669 856 669]
line-137 [1366 709 1377 709]
line-138 [1525 665 1530 665]
line-139 [1440 794 1446 794]
line-140 [815 676 820 676]
line-141 [1495 652 1505 652]
line-142 [1200 676 1205 676]
line-143 [1407 745 1422 745]
line-144 [605 792 611 791]
line-145 [1224 662 1229 662]
line-146 [1604 638 1611 638]
line-147 [898 734 898 723]
line-148 [587 662 592 662]
line-149 [618 663 623 663]
line-150 [880 671 887 671]
line-151 [532 663 537 663]
line-152 [1508 651 1513 651]
line-153 [1397 708 1406 708]
line-154 [1529 640 1535 640]
line-155 [1194 676 1199 676]
