line-0 [633 669 647 669]
line-1 [719 668 730 668]
line-2 [1302 664 1323 664]
line-3 [1162 666 1171 666]
line-4 [603 673 627 673]
line-5 [1376 661 1381 661]
line-6 [1825 629 1834 629]
line-7 [1690 640 1697 640]
line-8 [1201 664 1210 664]
line-9 [532 660 537 660]
line-10 [1427 647 1435 647]
line-11 [1482 648 1489 648]
line-12 [787 668 793 668]
line-13 [834 669 846 669]
line-14 [867 677 891 676]
line-15 [1655 637 1671 637]
line-16 [1579 640 1587 640]
line-17 [794 669 801 669]
line-18 [1396 657 1401 657]
line-19 [1353 662 1371 662]
line-20 [1576 667 1595 667]
line-21 [559 663 565 663]
line-22 [679 668 690 668]
line-23 [668 667 674 667]
line-24 [1273 662 1285 662]
line-25 [520 670 537 670]
line-26 [1022 669 1028 669]
line-27 [1538 638 1551 638]
line-28 [1801 631 1806 631]
line-29 [1909 629 1916 629]
line-30 [1071 668 1079 668]
line-31 [1386 661 1398 661]
line-32 [570 672 593 672]
line-33 [657 666 668 666]
line-34 [627 666 635 666]
line-35 [1861 629 1877 629]
line-36 [867 672 883 672]
line-37 [1566 638 1577 638]
line-38 [547 663 553 663]
line-39 [698 675 708 675]
line-40 [634 671 646 671]
line-41 [620 675 627 675]
line-42 [1688 645 1700 645]
line-43 [1415 654 1426 654]
line-44 [1244 663 1256 663]
line-45 [1507 654 1514 654]
line-46 [825 676 835 676]
line-47 [825 674 835 674]
line-48 [1904 630 1909 630]
line-49 [689 674 694 674]
line-50 [1461 746 1466 746]
line-51 [1718 635 1730 635]
line-52 [636 673 642 673]
line-53 [1185 665 1193 665]
line-54 [562 667 569 667]
line-55 [868 774 873 774]
line-56 [1104 668 1115 668]
line-57 [702 668 711 668]
line-58 [692 672 697 672]
line-59 [1582 665 1592 665]
line-60 [1455 646 1462 646]
line-61 [1508 652 1515 652]
line-62 [493 669 514 669]
line-63 [538 671 549 671]
line-64 [1647 637 1654 637]
line-65 [1388 745 1394 745]
line-66 [1207 412 1228 432]
line-67 [505 660 513 660]
line-68 [1123 669 1128 669]
line-69 [1436 654 1450 654]
line-70 [1588 639 1602 639]
line-71 [804 666 809 666]
line-72 [1415 747 1438 746]
line-73 [543 666 561 666]
line-74 [898 669 905 669]
line-75 [593 664 602 664]
line-76 [373 570 378 576]
line-77 [1528 641 1533 641]
line-78 [1237 665 1243 665]
line-79 [1324 663 1346 663]
line-80 [1172 667 1177 667]
line-81 [876 775 916 780]
line-82 [1393 669 1415 669]
line-83 [1056 667 1061 667]
line-84 [1416 648 1426 648]
line-85 [1092 669 1097 669]
line-86 [1341 666 1349 666]
line-87 [1847 627 1856 627]
line-88 [1178 666 1184 666]
line-89 [497 733 503 740]
line-90 [521 660 531 661]
line-91 [731 674 736 674]
line-92 [1700 636 1708 635]
line-93 [1518 636 1525 636]
line-94 [755 668 767 668]
line-95 [578 663 588 663]
line-96 [1637 625 1645 625]
line-97 [624 668 630 668]
line-98 [637 667 645 667]
line-99 [1194 666 1200 666]
line-100 [828 670 834 670]
line-101 [476 668 492 668]
line-102 [1682 646 1687 646]
line-103 [1819 630 1824 630]
line-104 [1395 746 1405 746]
line-105 [1701 644 1721 644]
line-106 [541 662 546 662]
line-107 [1338 669 1345 668]
line-108 [602 665 608 665]
line-109 [1439 647 1447 647]
line-110 [1864 624 1876 624]
line-111 [1361 664 1370 664]
line-112 [1531 638 1536 638]
line-113 [482 715 487 720]
line-114 [643 674 653 674]
line-115 [1683 659 1688 659]
line-116 [556 668 561 668]
line-117 [734 668 741 668]
line-118 [865 679 875 679]
line-119 [594 673 602 673]
line-120 [916 670 923 670]
line-121 [1428 669 1434 669]
line-122 [1789 626 1794 626]
line-123 [1136 669 1141 669]
line-124 [465 667 475 667]
line-125 [1451 654 1459 654]
line-126 [1454 651 1459 651]
line-127 [749 669 755 669]
line-128 [1502 652 1507 652]
line-129 [1379 745 1387 745]
line-130 [514 661 520 661]
line-131 [368 564 372 569]
line-132 [628 674 635 674]
line-133 [905 676 910 676]
line-134 [1080 669 1086 669]
line-135 [711 667 718 667]
line-136 [479 710 484 716]
line-137 [1208 412 1218 422]
line-138 [550 670 556 670]
