line-0 [1347 662 1375 662]
line-1 [478 668 498 668]
line-2 [1098 667 1103 667]
line-3 [1885 630 1890 630]
line-4 [749 669 755 669]
line-5 [1313 663 1345 663]
line-6 [1092 669 1097 669]
line-7 [1483 645 1490 645]
line-8 [669 667 679 667]
line-9 [635 669 647 669]
line-10 [856 677 867 676]
line-11 [718 674 723 674]
line-12 [1244 663 1251 663]
line-13 [543 666 564 666]
line-14 [701 675 708 675]
line-15 [1859 629 1882 629]
line-16 [1419 654 1448 653]
line-17 [813 668 821 668]
line-18 [624 668 634 668]
line-19 [870 677 888 677]
line-20 [531 660 538 660]
line-21 [1698 644 1707 644]
line-22 [542 662 547 662]
line-23 [637 667 645 667]
line-24 [868 671 874 671]
line-25 [1416 648 1422 648]
line-26 [1305 671 1325 671]
line-27 [1398 669 1414 669]
line-28 [1104 668 1115 668]
line-29 [1200 664 1208 664]
line-30 [692 672 697 672]
line-31 [1605 638 1613 638]
line-32 [844 677 853 677]
line-33 [755 668 766 668]
line-34 [524 670 538 670]
line-35 [1235 665 1243 665]
line-36 [1850 627 1855 627]
line-37 [703 668 711 668]
line-38 [602 665 608 665]
line-39 [860 775 865 775]
line-40 [499 669 517 669]
line-41 [1177 666 1188 665]
line-42 [1538 636 1543 636]
line-43 [634 671 646 671]
line-44 [1698 636 1704 636]
line-45 [1586 639 1600 639]
line-46 [1822 629 1833 629]
line-47 [507 660 514 660]
line-48 [577 663 588 663]
line-49 [1520 641 1530 641]
line-50 [879 777 884 777]
line-51 [1265 663 1270 663]
line-52 [1538 638 1544 638]
line-53 [1545 637 1553 637]
line-54 [1064 667 1075 667]
line-55 [731 674 736 674]
line-56 [1273 662 1279 662]
line-57 [1305 664 1312 664]
line-58 [1396 657 1401 657]
line-59 [1863 624 1875 624]
line-60 [1436 647 1444 647]
line-61 [827 670 833 670]
line-62 [1567 638 1576 638]
line-63 [1294 662 1299 662]
line-64 [1338 668 1357 668]
line-65 [848 679 866 679]
line-66 [774 669 779 669]
line-67 [593 664 602 664]
line-68 [1366 664 1371 664]
line-69 [618 663 624 663]
line-70 [1765 630 1771 630]
line-71 [483 718 500 739]
line-72 [1681 647 1693 647]
line-73 [539 671 552 671]
line-74 [833 669 846 669]
line-75 [1297 672 1304 672]
line-76 [854 774 859 774]
line-77 [1691 640 1696 640]
line-78 [1027 668 1032 668]
line-79 [719 668 730 668]
line-80 [466 667 477 667]
line-81 [803 666 812 666]
line-82 [715 677 721 677]
line-83 [1011 668 1022 668]
line-84 [1445 646 1452 646]
line-85 [1496 652 1513 652]
line-86 [1649 637 1660 637]
line-87 [1637 625 1645 625]
line-88 [1525 637 1530 637]
line-89 [1477 648 1486 648]
line-90 [1161 666 1171 666]
line-91 [1487 647 1492 647]
line-92 [520 660 528 660]
line-93 [1413 654 1418 654]
line-94 [1080 669 1087 669]
line-95 [767 667 772 667]
line-96 [1786 626 1794 626]
line-97 [1780 627 1786 627]
line-98 [1178 392 1204 415]
line-99 [898 669 903 669]
line-100 [1908 629 1915 629]
line-101 [794 669 800 669]
line-102 [1386 661 1391 661]
line-103 [453 655 460 655]
line-104 [518 670 523 670]
line-105 [1753 636 1760 636]
line-106 [652 666 663 666]
line-107 [1450 799 1460 799]
line-108 [1577 640 1585 640]
line-109 [919 783 924 783]
line-110 [1340 670 1358 670]
line-111 [825 674 834 674]
line-112 [555 668 564 668]
line-113 [819 677 826 677]
line-114 [552 662 560 662]
line-115 [709 676 714 676]
line-116 [892 779 904 780]
line-117 [1876 627 1882 627]
line-118 [1589 657 1594 657]
line-119 [628 666 633 666]
line-120 [1518 636 1524 636]
line-121 [565 667 570 667]
line-122 [1452 707 1459 707]
line-123 [726 677 731 677]
line-124 [1117 668 1123 668]
line-125 [1044 666 1049 666]
line-126 [1453 646 1460 646]
line-127 [1623 624 1634 624]
line-128 [680 668 689 668]
line-129 [464 658 470 659]
