line-0 [1348 662 1372 662]
line-1 [602 665 608 665]
line-2 [658 666 663 666]
line-3 [1063 667 1075 667]
line-4 [994 669 1005 669]
line-5 [1017 668 1022 668]
line-6 [803 666 812 666]
line-7 [678 778 685 778]
line-8 [1427 654 1433 654]
line-9 [624 668 634 668]
line-10 [1180 675 1194 675]
line-11 [825 674 835 674]
line-12 [1080 669 1087 669]
line-13 [1486 645 1491 645]
line-14 [1567 638 1576 638]
line-15 [1104 668 1115 668]
line-16 [1315 663 1344 663]
line-17 [1850 627 1856 627]
line-18 [1200 664 1210 664]
line-19 [1862 629 1881 629]
line-20 [692 672 697 672]
line-21 [1055 667 1061 667]
line-22 [1577 640 1585 640]
line-23 [1456 646 1461 646]
line-24 [1502 649 1515 649]
line-25 [1299 663 1304 663]
line-26 [669 667 679 667]
line-27 [611 786 617 786]
line-28 [977 671 982 671]
line-29 [1098 667 1103 667]
line-30 [865 677 889 677]
line-31 [1386 661 1392 660]
line-32 [1177 666 1184 666]
line-33 [1538 638 1543 638]
line-34 [1496 652 1515 652]
line-35 [578 663 587 663]
line-36 [477 709 503 742]
line-37 [833 669 846 669]
line-38 [734 668 741 668]
line-39 [1884 630 1890 630]
line-40 [1682 645 1697 645]
line-41 [1112 676 1117 676]
line-42 [865 679 875 679]
line-43 [1873 631 1881 631]
line-44 [1249 663 1257 663]
line-45 [1117 668 1123 668]
line-46 [1661 636 1666 636]
line-47 [1780 627 1786 627]
line-48 [1765 630 1771 630]
line-49 [945 677 954 677]
line-50 [956 675 965 675]
line-51 [881 671 887 671]
line-52 [527 773 549 800]
line-53 [904 779 904 759]
line-54 [1533 664 1539 664]
line-55 [719 668 730 668]
line-56 [1586 639 1594 639]
line-57 [1400 669 1414 669]
line-58 [1720 634 1725 634]
line-59 [898 732 898 727]
line-60 [1627 624 1633 624]
line-61 [1436 654 1447 654]
line-62 [774 669 779 669]
line-63 [1689 640 1696 640]
line-64 [930 671 961 671]
line-65 [903 688 903 705]
line-66 [642 782 656 781]
line-67 [548 666 565 666]
line-68 [1445 646 1455 646]
line-69 [703 668 711 668]
line-70 [1648 637 1660 637]
line-71 [592 788 605 787]
line-72 [813 668 821 668]
line-73 [1376 745 1392 745]
line-74 [755 668 762 668]
line-75 [913 670 924 670]
line-76 [701 675 706 675]
line-77 [1520 641 1530 641]
line-78 [899 723 899 711]
line-79 [1545 637 1554 637]
line-80 [628 666 636 666]
line-81 [858 679 864 679]
line-82 [1863 624 1875 624]
line-83 [1699 636 1704 636]
line-84 [1232 665 1243 665]
line-85 [1681 647 1693 647]
line-86 [1044 666 1049 666]
line-87 [1605 638 1613 638]
line-88 [571 791 578 790]
line-89 [682 668 689 668]
line-90 [552 789 563 789]
line-91 [827 670 833 670]
line-92 [1359 665 1367 665]
line-93 [661 780 667 780]
line-94 [593 664 602 664]
line-95 [1589 657 1594 657]
line-96 [618 663 626 664]
line-97 [1477 648 1487 648]
line-98 [637 667 645 667]
line-99 [749 669 755 669]
line-100 [1421 654 1426 654]
line-101 [1754 636 1760 636]
line-102 [634 671 647 671]
line-103 [1165 666 1171 666]
line-104 [1423 747 1431 747]
line-105 [900 710 900 703]
line-106 [1092 669 1097 669]
line-107 [1338 668 1344 668]
line-108 [1265 663 1270 663]
line-109 [635 669 647 669]
line-110 [1518 636 1525 636]
line-111 [904 730 904 740]
line-112 [895 768 896 753]
line-113 [1338 666 1346 666]
line-114 [1416 648 1423 648]
line-115 [906 668 911 668]
line-116 [1340 670 1358 670]
line-117 [1786 626 1794 626]
line-118 [1841 622 1846 622]
line-119 [711 667 718 667]
line-120 [1700 644 1712 644]
line-121 [556 668 565 668]
line-122 [857 677 863 677]
line-123 [1428 669 1433 669]
line-124 [1402 746 1408 746]
line-125 [1149 666 1154 666]
line-126 [1305 664 1314 664]
line-127 [688 777 701 776]
line-128 [517 761 527 772]
line-129 [1467 800 1476 800]
line-130 [1877 627 1883 627]
line-131 [633 784 640 783]
line-132 [1908 629 1915 629]
line-133 [904 726 904 706]
line-134 [905 747 905 758]
line-135 [1454 800 1462 800]
line-136 [844 677 852 677]
line-137 [1409 746 1421 746]
line-138 [882 777 892 778]
