line-0 [631 669 647 669]
line-1 [1061 668 1067 668]
line-2 [1861 629 1877 629]
line-3 [1416 668 1422 668]
line-4 [1006 668 1015 668]
line-5 [719 668 730 668]
line-6 [1232 665 1243 665]
line-7 [904 676 910 676]
line-8 [711 667 718 667]
line-9 [1400 669 1415 669]
line-10 [1303 664 1322 664]
line-11 [1435 654 1450 654]
line-12 [1647 637 1658 637]
line-13 [1700 636 1705 636]
line-14 [1554 642 1561 642]
line-15 [669 667 679 667]
line-16 [1273 662 1290 662]
line-17 [1567 638 1574 638]
line-18 [1606 638 1614 638]
line-19 [1541 638 1546 638]
line-20 [1331 663 1346 662]
line-21 [624 668 630 668]
line-22 [628 666 635 666]
line-23 [699 675 708 675]
line-24 [867 672 881 672]
line-25 [1732 634 1738 634]
line-26 [1293 662 1298 662]
line-27 [657 666 669 666]
line-28 [961 675 966 675]
line-29 [1498 652 1515 652]
line-30 [1573 667 1578 667]
line-31 [1718 635 1724 635]
line-32 [947 671 965 671]
line-33 [713 677 740 677]
line-34 [867 677 881 677]
line-35 [697 776 703 776]
line-36 [774 669 779 669]
line-37 [1478 646 1484 646]
line-38 [644 674 652 674]
line-39 [1518 636 1525 636]
line-40 [1421 654 1430 654]
line-41 [1185 665 1194 665]
line-42 [1477 648 1488 648]
line-43 [826 676 834 676]
line-44 [636 667 645 667]
line-45 [813 668 821 668]
line-46 [898 669 904 669]
line-47 [1455 646 1462 646]
line-48 [749 669 755 669]
line-49 [646 781 652 781]
line-50 [1827 629 1835 629]
line-51 [904 705 904 733]
line-52 [795 669 800 669]
line-53 [1864 624 1874 624]
line-54 [634 671 646 671]
line-55 [1348 662 1372 662]
line-56 [1388 746 1401 746]
line-57 [833 669 846 669]
line-58 [1341 670 1358 670]
line-59 [680 668 690 668]
line-60 [613 785 618 785]
line-61 [1417 648 1427 648]
line-62 [1109 668 1115 668]
line-63 [1080 669 1087 669]
line-64 [1244 663 1256 663]
line-65 [930 671 943 671]
line-66 [787 668 794 668]
line-67 [665 779 671 779]
line-68 [1485 645 1491 645]
line-69 [1393 744 1401 744]
line-70 [1520 641 1533 641]
line-71 [1423 669 1432 669]
line-72 [1687 645 1695 645]
line-73 [632 783 637 783]
line-74 [1109 676 1117 676]
line-75 [983 669 989 669]
line-76 [1659 637 1669 637]
line-77 [995 669 1005 669]
line-78 [1702 644 1717 644]
line-79 [1587 639 1601 639]
line-80 [1818 630 1823 630]
line-81 [825 674 834 674]
line-82 [1428 647 1441 647]
line-83 [1579 667 1594 667]
line-84 [1162 666 1172 666]
line-85 [865 679 872 679]
line-86 [977 671 982 671]
line-87 [1415 654 1420 654]
line-88 [731 674 736 674]
line-89 [896 762 896 755]
line-90 [1910 629 1916 629]
line-91 [755 668 767 668]
line-92 [629 674 636 674]
line-93 [1177 666 1184 666]
line-94 [593 664 602 664]
line-95 [935 676 945 676]
line-96 [604 786 609 786]
line-97 [1685 647 1698 647]
line-98 [1156 678 1161 678]
line-99 [1195 666 1200 666]
line-100 [1341 668 1347 668]
line-101 [908 669 914 669]
line-102 [637 673 643 673]
line-103 [1410 745 1416 745]
line-104 [905 755 905 764]
line-105 [479 711 504 741]
line-106 [895 769 895 763]
line-107 [1092 669 1098 669]
line-108 [1877 627 1883 627]
line-109 [1201 664 1210 664]
line-110 [645 666 652 667]
line-111 [916 670 924 670]
line-112 [1497 644 1502 644]
line-113 [1690 640 1696 640]
line-114 [1044 666 1049 666]
line-115 [571 790 576 790]
line-116 [1633 625 1639 625]
line-117 [1530 638 1535 638]
line-118 [1454 651 1459 651]
line-119 [1847 627 1856 627]
line-120 [683 777 689 777]
line-121 [803 666 812 666]
line-122 [1434 748 1441 748]
line-123 [594 787 601 787]
line-124 [900 712 900 701]
line-125 [602 665 608 665]
line-126 [629 672 634 672]
line-127 [1402 747 1430 747]
line-128 [1754 636 1760 636]
line-129 [1626 624 1631 624]
line-130 [1123 669 1128 669]
line-131 [704 668 711 668]
line-132 [704 775 709 775]
line-133 [1323 663 1330 663]
line-134 [905 754 905 744]
line-135 [882 677 889 677]
line-136 [904 765 904 778]
line-137 [585 788 591 788]
line-138 [1555 668 1572 668]
line-139 [1417 745 1433 745]
line-140 [905 779 910 780]
line-141 [945 677 952 677]
line-142 [691 672 696 672]
line-143 [1730 608 1730 616]
line-144 [1578 640 1586 640]
line-145 [1360 664 1366 664]
