line-0 [477 668 498 668]
line-1 [1348 662 1376 662]
line-2 [628 669 646 669]
line-3 [1172 667 1177 667]
line-4 [787 668 793 668]
line-5 [1687 647 1699 647]
line-6 [1304 664 1322 664]
line-7 [794 669 800 669]
line-8 [755 668 770 668]
line-9 [1825 629 1836 629]
line-10 [1417 648 1429 648]
line-11 [1201 664 1210 664]
line-12 [1850 629 1856 629]
line-13 [1666 636 1671 636]
line-14 [669 667 679 667]
line-15 [1862 629 1883 629]
line-16 [1648 637 1665 637]
line-17 [641 674 653 674]
line-18 [804 666 812 666]
line-19 [719 668 730 668]
line-20 [569 672 593 672]
line-21 [1687 645 1699 645]
line-22 [517 670 537 670]
line-23 [531 663 536 663]
line-24 [825 674 835 674]
line-25 [1478 648 1489 648]
line-26 [1607 638 1614 638]
line-27 [1509 650 1518 649]
line-28 [1573 667 1591 667]
line-29 [1273 662 1285 662]
line-30 [1532 638 1537 638]
line-31 [1865 624 1877 624]
line-32 [864 679 874 679]
line-33 [499 669 516 669]
line-34 [680 668 690 668]
line-35 [578 663 587 663]
line-36 [483 713 503 739]
line-37 [867 677 889 677]
line-38 [930 671 946 671]
line-39 [616 675 627 675]
line-40 [560 663 566 663]
line-41 [1565 660 1581 658]
line-42 [1639 625 1645 625]
line-43 [843 679 863 679]
line-44 [1437 654 1454 654]
line-45 [1108 676 1118 676]
line-46 [1578 640 1603 639]
line-47 [602 665 608 665]
line-48 [594 673 627 673]
line-49 [1503 652 1513 652]
line-50 [520 762 535 780]
line-51 [1185 665 1194 665]
line-52 [816 668 821 668]
line-53 [657 666 668 666]
line-54 [541 662 547 662]
line-55 [544 666 558 666]
line-56 [1244 663 1256 663]
line-57 [1393 746 1401 746]
line-58 [1061 668 1066 668]
line-59 [1733 634 1739 634]
line-60 [536 781 548 796]
line-61 [1356 664 1371 664]
line-62 [1625 624 1636 624]
line-63 [1561 641 1566 641]
line-64 [1376 661 1381 661]
line-65 [1811 630 1824 630]
line-66 [1879 627 1885 627]
line-67 [635 667 653 667]
line-68 [1486 645 1491 645]
line-69 [1356 670 1361 670]
line-70 [1456 747 1479 747]
line-71 [908 781 913 781]
line-72 [1109 668 1116 668]
line-73 [899 669 905 669]
line-74 [833 669 846 669]
line-75 [1329 663 1337 663]
line-76 [1401 669 1416 669]
line-77 [1340 663 1345 663]
line-78 [870 672 886 672]
line-79 [1691 640 1696 640]
line-80 [1561 639 1566 639]
line-81 [1226 427 1250 452]
line-82 [1522 641 1532 641]
line-83 [748 669 755 669]
line-84 [1721 634 1726 634]
line-85 [1195 666 1200 666]
line-86 [1701 636 1709 635]
line-87 [538 671 549 671]
line-88 [1681 661 1689 661]
line-89 [1156 678 1162 678]
line-90 [1848 627 1857 627]
line-91 [521 660 530 661]
line-92 [1178 666 1184 666]
line-93 [634 671 639 671]
line-94 [935 785 940 785]
line-95 [1456 647 1462 646]
line-96 [338 520 347 532]
line-97 [640 671 645 671]
line-98 [698 675 707 675]
line-99 [908 669 914 669]
line-100 [1396 657 1402 657]
line-101 [1403 667 1408 667]
line-102 [1787 627 1796 626]
line-103 [901 780 906 780]
line-104 [1079 669 1086 669]
line-105 [1910 629 1916 629]
line-106 [1087 670 1092 670]
line-107 [1707 644 1714 644]
line-108 [911 674 919 674]
line-109 [553 662 559 662]
line-110 [1519 636 1526 636]
line-111 [1210 665 1215 665]
line-112 [502 737 507 743]
line-113 [1340 671 1346 670]
line-114 [1567 638 1577 638]
line-115 [733 668 742 668]
line-116 [855 670 862 670]
line-117 [1162 666 1169 666]
line-118 [1415 654 1421 654]
line-119 [1236 665 1243 665]
line-120 [1117 668 1122 668]
line-121 [628 674 634 674]
line-122 [1123 669 1129 669]
line-123 [559 667 569 667]
line-124 [1093 669 1098 669]
line-125 [471 657 477 657]
line-126 [1341 668 1348 668]
line-127 [904 707 904 725]
line-128 [1800 630 1805 630]
line-129 [346 532 358 546]
line-130 [900 716 900 703]
line-131 [1701 644 1706 644]
line-132 [531 660 538 660]
line-133 [1582 658 1587 658]
line-134 [1843 622 1848 622]
line-135 [915 670 924 670]
line-136 [516 757 521 762]
line-137 [914 781 921 782]
line-138 [1755 636 1761 636]
line-139 [1429 669 1437 669]
line-140 [703 668 711 668]
line-141 [469 667 476 667]
line-142 [594 664 602 664]
line-143 [1550 668 1572 668]
line-144 [1411 747 1416 747]
line-145 [878 777 884 777]
line-146 [1767 630 1773 630]
line-147 [1241 442 1250 451]
