line-0 [1349 662 1373 662]
line-1 [1304 664 1327 664]
line-2 [1504 654 1516 654]
line-3 [749 669 755 669]
line-4 [478 668 499 668]
line-5 [1522 641 1535 641]
line-6 [1109 668 1116 668]
line-7 [995 669 1006 669]
line-8 [825 674 835 674]
line-9 [918 670 924 670]
line-10 [1195 666 1200 666]
line-11 [719 668 730 668]
line-12 [1868 629 1880 629]
line-13 [935 676 945 676]
line-14 [1591 657 1596 657]
line-15 [876 677 889 677]
line-16 [465 667 477 667]
line-17 [1437 647 1448 646]
line-18 [804 666 811 666]
line-19 [1093 669 1098 669]
line-20 [755 668 766 668]
line-21 [1328 663 1346 663]
line-22 [1689 645 1701 645]
line-23 [957 671 966 671]
line-24 [1597 639 1604 639]
line-25 [1201 664 1210 664]
line-26 [1478 648 1488 648]
line-27 [1420 749 1425 749]
line-28 [1866 624 1878 624]
line-29 [1396 657 1402 657]
line-30 [1401 669 1416 669]
line-31 [1435 654 1448 654]
line-32 [692 672 697 672]
line-33 [1648 637 1661 637]
line-34 [1186 665 1194 665]
line-35 [1755 636 1761 636]
line-36 [1363 664 1371 664]
line-37 [1502 652 1516 652]
line-38 [1178 666 1185 666]
line-39 [867 672 884 672]
line-40 [833 669 846 669]
line-41 [1453 646 1463 646]
line-42 [1136 669 1142 669]
line-43 [1879 627 1885 627]
line-44 [931 671 950 671]
line-45 [1851 627 1857 627]
line-46 [899 669 905 669]
line-47 [1061 668 1067 668]
line-48 [1172 667 1177 667]
line-49 [334 515 343 526]
line-50 [1273 662 1280 662]
line-51 [702 668 712 668]
line-52 [977 671 982 671]
line-53 [1579 640 1587 640]
line-54 [1245 663 1255 663]
line-55 [1519 636 1526 636]
line-56 [895 776 895 771]
line-57 [722 674 727 674]
line-58 [1426 749 1441 749]
line-59 [1701 636 1706 636]
line-60 [1635 625 1647 625]
line-61 [1768 630 1773 630]
line-62 [700 675 708 675]
line-63 [1539 638 1551 638]
line-64 [1573 638 1578 638]
line-65 [1234 666 1239 666]
line-66 [816 668 821 668]
line-67 [724 677 740 677]
line-68 [1825 629 1839 629]
line-69 [945 677 953 677]
line-70 [905 781 905 744]
line-71 [794 669 801 669]
line-72 [1417 648 1430 648]
line-73 [1423 669 1433 669]
line-74 [1078 669 1087 669]
line-75 [1023 669 1028 669]
line-76 [1702 644 1716 644]
line-77 [1682 647 1696 647]
line-78 [1588 639 1596 639]
line-79 [899 731 899 725]
line-80 [648 667 653 667]
line-81 [1662 637 1670 637]
line-82 [1045 666 1050 666]
line-83 [1281 662 1290 662]
line-84 [1162 666 1171 666]
line-85 [851 670 859 670]
line-86 [1626 624 1634 624]
line-87 [1410 746 1418 746]
line-88 [353 540 358 546]
line-89 [1415 654 1427 654]
line-90 [1405 748 1419 748]
line-91 [1479 646 1487 646]
line-92 [716 677 723 677]
line-93 [1454 748 1485 747]
line-94 [471 657 476 657]
line-95 [1395 749 1401 749]
line-96 [1338 668 1352 668]
line-97 [638 671 646 671]
line-98 [1685 659 1690 659]
line-99 [347 534 353 541]
line-100 [990 666 995 666]
line-101 [1123 669 1129 669]
line-102 [483 714 491 724]
line-103 [1446 749 1453 749]
line-104 [904 701 904 708]
line-105 [501 737 506 743]
line-106 [896 765 896 760]
line-107 [465 659 470 659]
line-108 [1439 668 1444 668]
line-109 [898 751 898 740]
line-110 [908 669 914 669]
line-111 [712 667 718 667]
line-112 [912 674 919 674]
line-113 [1344 670 1354 670]
line-114 [1430 647 1435 647]
line-115 [1150 666 1159 666]
line-116 [1007 668 1016 668]
line-117 [1558 640 1563 640]
line-118 [661 666 669 666]
line-119 [904 713 904 718]
line-120 [654 666 660 666]
line-121 [737 668 742 668]
line-122 [867 677 875 677]
line-123 [1862 629 1867 629]
line-124 [709 676 714 676]
line-125 [867 679 874 679]
line-126 [1157 678 1162 678]
line-127 [500 669 514 669]
line-128 [787 668 793 668]
line-129 [1911 629 1917 629]
line-130 [1536 664 1541 664]
line-131 [900 719 900 705]
line-132 [680 668 690 668]
