line-0 [931 671 961 671]
line-1 [1522 641 1535 641]
line-2 [1423 669 1434 669]
line-3 [734 668 742 668]
line-4 [1273 662 1286 662]
line-5 [542 666 560 666]
line-6 [1387 661 1396 661]
line-7 [578 663 592 663]
line-8 [1186 665 1194 665]
line-9 [652 666 668 666]
line-10 [634 669 646 669]
line-11 [1064 668 1073 668]
line-12 [537 671 549 671]
line-13 [867 677 889 677]
line-14 [1479 648 1489 648]
line-15 [1399 669 1416 669]
line-16 [1352 662 1365 662]
line-17 [935 676 946 676]
line-18 [1608 638 1615 638]
line-19 [516 670 536 670]
line-20 [1396 657 1402 657]
line-21 [879 672 890 672]
line-22 [1536 664 1541 664]
line-23 [1568 638 1578 638]
line-24 [465 667 475 667]
line-25 [1415 654 1424 654]
line-26 [1722 634 1728 634]
line-27 [1461 748 1474 748]
line-28 [476 668 495 668]
line-29 [1910 629 1917 629]
line-30 [1812 630 1818 630]
line-31 [1501 652 1510 652]
line-32 [821 677 826 677]
line-33 [1343 670 1353 670]
line-34 [602 665 608 665]
line-35 [1201 664 1210 664]
line-36 [1195 666 1200 666]
line-37 [834 669 845 669]
line-38 [711 667 718 667]
line-39 [636 667 645 667]
line-40 [700 675 708 675]
line-41 [1306 664 1320 664]
line-42 [1417 648 1428 648]
line-43 [1077 669 1087 669]
line-44 [905 676 910 676]
line-45 [722 674 727 674]
line-46 [1867 629 1884 629]
line-47 [794 669 799 669]
line-48 [1487 645 1492 645]
line-49 [1648 637 1660 637]
line-50 [931 787 948 789]
line-51 [1109 668 1116 668]
line-52 [919 670 924 670]
line-53 [1825 629 1839 629]
line-54 [1331 671 1337 671]
line-55 [1768 630 1773 630]
line-56 [348 538 355 546]
line-57 [1581 640 1587 640]
line-58 [1322 663 1346 663]
line-59 [899 669 905 669]
line-60 [1690 640 1698 640]
line-61 [496 669 515 669]
line-62 [634 671 645 671]
line-63 [1432 749 1440 749]
line-64 [1451 646 1463 646]
line-65 [1700 636 1706 636]
line-66 [592 664 601 664]
line-67 [1756 636 1761 636]
line-68 [1461 746 1482 746]
line-69 [669 667 674 667]
line-70 [1245 663 1257 663]
line-71 [521 660 529 660]
line-72 [1597 639 1604 639]
line-73 [825 674 835 674]
line-74 [1409 748 1416 748]
line-75 [1519 636 1526 636]
line-76 [816 668 821 668]
line-77 [1123 669 1129 669]
line-78 [1506 654 1513 654]
line-79 [1685 647 1693 647]
line-80 [343 531 347 536]
line-81 [755 668 769 668]
line-82 [680 668 690 668]
line-83 [553 662 559 662]
line-84 [1442 654 1448 654]
line-85 [1788 627 1796 626]
line-86 [906 783 911 783]
line-87 [1625 624 1637 624]
line-88 [827 676 835 676]
line-89 [1543 638 1548 638]
line-90 [1151 666 1160 666]
line-91 [1511 652 1516 652]
line-92 [1411 746 1421 746]
line-93 [1178 666 1185 666]
line-94 [1345 666 1350 666]
line-95 [1447 749 1460 749]
line-96 [449 656 454 656]
line-97 [619 663 624 663]
line-98 [1852 627 1858 627]
line-99 [1433 654 1438 654]
line-100 [1706 644 1714 644]
line-101 [1880 627 1886 627]
line-102 [1666 636 1672 636]
line-103 [336 521 344 531]
line-104 [1136 669 1142 669]
line-105 [907 669 914 669]
line-106 [804 666 811 666]
line-107 [1866 624 1872 624]
line-108 [876 779 882 779]
line-109 [1244 445 1266 470]
line-110 [1239 665 1244 665]
line-111 [485 720 501 739]
line-112 [851 670 862 670]
line-113 [1093 669 1098 669]
line-114 [561 667 569 667]
line-115 [548 663 553 663]
line-116 [628 666 635 666]
line-117 [624 668 630 668]
line-118 [870 672 877 672]
line-119 [1346 668 1352 668]
line-120 [1409 750 1422 750]
line-121 [904 712 904 719]
line-122 [868 679 874 679]
line-123 [553 668 560 668]
line-124 [1539 636 1545 636]
line-125 [1688 645 1700 645]
line-126 [748 669 755 669]
line-127 [787 668 793 668]
line-128 [722 668 730 668]
line-129 [1299 663 1304 663]
line-130 [611 665 616 665]
line-131 [1640 625 1646 625]
line-132 [560 663 566 663]
line-133 [1162 666 1171 666]
line-134 [1403 747 1408 747]
line-135 [901 702 901 695]
line-136 [1527 666 1535 665]
line-137 [1801 630 1806 630]
line-138 [1172 667 1177 667]
line-139 [703 668 711 668]
line-140 [1685 659 1690 659]
line-141 [515 661 520 661]
