line-0 [635 673 644 673]
line-1 [833 669 846 669]
line-2 [1578 640 1604 639]
line-3 [1437 654 1454 654]
line-4 [930 671 958 671]
line-5 [680 668 690 668]
line-6 [1865 629 1877 629]
line-7 [1130 668 1135 668]
line-8 [1062 668 1067 668]
line-9 [1162 666 1171 666]
line-10 [1415 654 1427 654]
line-11 [1828 629 1835 629]
line-12 [977 671 982 671]
line-13 [1700 644 1722 644]
line-14 [1427 647 1435 647]
line-15 [1325 663 1346 663]
line-16 [674 778 679 778]
line-17 [1178 666 1184 666]
line-18 [594 664 601 664]
line-19 [871 672 883 672]
line-20 [898 669 905 669]
line-21 [1525 637 1530 637]
line-22 [692 672 697 672]
line-23 [1238 665 1243 665]
line-24 [774 669 779 669]
line-25 [1554 642 1563 642]
line-26 [1172 667 1177 667]
line-27 [1637 625 1643 625]
line-28 [1273 662 1285 662]
line-29 [704 775 712 775]
line-30 [719 668 730 668]
line-31 [481 710 502 737]
line-32 [712 667 718 667]
line-33 [645 674 653 674]
line-34 [1339 666 1348 666]
line-35 [1864 624 1876 624]
line-36 [1482 648 1489 648]
line-37 [995 669 1015 668]
line-38 [1179 675 1189 675]
line-39 [586 788 592 788]
line-40 [635 669 647 669]
line-41 [866 677 889 677]
line-42 [703 668 711 668]
line-43 [1359 664 1366 664]
line-44 [826 676 834 676]
line-45 [628 668 634 668]
line-46 [1647 637 1661 637]
line-47 [896 763 896 755]
line-48 [935 676 945 676]
line-49 [1244 663 1255 663]
line-50 [1056 667 1061 667]
line-51 [1396 659 1401 659]
line-52 [1497 644 1502 644]
line-53 [1437 647 1448 647]
line-54 [1718 635 1731 635]
line-55 [614 785 620 785]
line-56 [1501 652 1509 652]
line-57 [1156 678 1161 678]
line-58 [915 670 924 670]
line-59 [1541 638 1547 638]
line-60 [1341 668 1351 668]
line-61 [1683 644 1688 643]
line-62 [1448 746 1470 746]
line-63 [859 679 875 679]
line-64 [1847 627 1856 627]
line-65 [1683 646 1696 645]
line-66 [899 732 899 725]
line-67 [647 781 652 781]
line-68 [1342 670 1354 670]
line-69 [1665 637 1672 637]
line-70 [602 665 608 665]
line-71 [1878 630 1883 630]
line-72 [1911 629 1916 629]
line-73 [698 675 708 675]
line-74 [1455 646 1462 646]
line-75 [658 666 669 666]
line-76 [828 670 833 670]
line-77 [897 754 897 749]
line-78 [1819 630 1824 630]
line-79 [1396 657 1401 657]
line-80 [1801 631 1806 631]
line-81 [1427 749 1438 749]
line-82 [755 668 762 668]
line-83 [1440 668 1445 668]
line-84 [341 523 348 532]
line-85 [1556 640 1563 640]
line-86 [1109 668 1115 668]
line-87 [1380 747 1395 747]
line-88 [1122 669 1129 669]
line-89 [636 667 645 667]
line-90 [1302 664 1324 664]
line-91 [905 743 905 771]
line-92 [945 677 950 677]
line-93 [816 668 821 668]
line-94 [1093 669 1098 669]
line-95 [1107 676 1115 676]
line-96 [687 777 692 777]
line-97 [1454 652 1459 651]
line-98 [1504 654 1515 654]
line-99 [825 674 834 674]
line-100 [628 666 635 666]
line-101 [895 770 895 765]
line-102 [607 786 612 786]
line-103 [1356 662 1362 662]
line-104 [794 669 800 669]
line-105 [1364 662 1371 662]
line-106 [909 669 914 669]
line-107 [1691 640 1697 640]
line-108 [1405 669 1416 669]
line-109 [635 671 646 671]
line-110 [1878 627 1884 627]
line-111 [1079 669 1086 669]
line-112 [500 734 504 739]
line-113 [1071 668 1078 668]
line-114 [898 748 898 740]
line-115 [961 675 966 675]
line-116 [1558 661 1568 660]
line-117 [1408 710 1415 710]
line-118 [1156 677 1161 676]
line-119 [1193 677 1205 677]
line-120 [1518 636 1524 636]
line-121 [983 669 989 669]
line-122 [1201 664 1209 664]
line-123 [1185 665 1193 665]
line-124 [337 516 341 521]
line-125 [662 779 673 778]
line-126 [1381 745 1397 745]
line-127 [1194 666 1200 666]
line-128 [1406 656 1414 655]
line-129 [1767 630 1772 630]
line-130 [734 668 741 668]
line-131 [1434 669 1439 669]
line-132 [749 669 755 669]
line-133 [647 667 652 667]
line-134 [1698 637 1704 636]
line-135 [905 772 905 778]
line-136 [594 787 599 787]
line-137 [903 694 903 689]
line-138 [1136 669 1141 669]
line-139 [1510 652 1515 652]
line-140 [1571 638 1576 638]
line-141 [1905 630 1910 630]
line-142 [894 777 894 772]
line-143 [1152 666 1159 666]
line-144 [1417 648 1426 648]
line-145 [1387 661 1397 661]
line-146 [619 663 624 663]
line-147 [904 706 904 711]
line-148 [1626 624 1631 624]
line-149 [900 711 901 697]
line-150 [1396 748 1418 748]
line-151 [1417 668 1429 669]
line-152 [804 666 811 666]
