line-0 [1178 666 1184 666]
line-1 [1563 660 1572 660]
line-2 [1323 663 1346 663]
line-3 [983 669 989 669]
line-4 [842 677 853 677]
line-5 [634 674 652 674]
line-6 [1499 652 1516 652]
line-7 [931 677 945 676]
line-8 [748 669 755 669]
line-9 [1162 666 1171 666]
line-10 [719 668 730 668]
line-11 [1554 642 1561 642]
line-12 [877 677 889 677]
line-13 [465 667 475 667]
line-14 [481 713 499 736]
line-15 [1552 661 1562 661]
line-16 [1541 638 1547 638]
line-17 [1121 675 1129 675]
line-18 [1521 641 1535 641]
line-19 [1172 667 1177 667]
line-20 [995 669 1006 669]
line-21 [679 668 690 668]
line-22 [1825 629 1836 629]
line-23 [880 672 890 672]
line-24 [1433 654 1454 654]
line-25 [1151 666 1159 666]
line-26 [788 668 793 668]
line-27 [1201 664 1210 664]
line-28 [1413 747 1418 747]
line-29 [632 669 646 669]
line-30 [1866 624 1877 624]
line-31 [1532 638 1537 638]
line-32 [1410 749 1435 749]
line-33 [945 677 951 677]
line-34 [855 670 862 670]
line-35 [867 672 875 672]
line-36 [1578 640 1587 640]
line-37 [1478 648 1488 648]
line-38 [1604 638 1615 638]
line-39 [1654 637 1665 637]
line-40 [931 671 964 671]
line-41 [1396 657 1401 657]
line-42 [1519 636 1526 636]
line-43 [905 676 910 676]
line-44 [1811 630 1817 630]
line-45 [834 669 846 669]
line-46 [1343 670 1358 670]
line-47 [476 668 497 668]
line-48 [712 667 718 667]
line-49 [901 704 901 695]
line-50 [1689 645 1700 645]
line-51 [1420 654 1431 654]
line-52 [1755 636 1761 636]
line-53 [1341 669 1352 668]
line-54 [1588 639 1595 639]
line-55 [864 677 876 677]
line-56 [520 764 553 804]
line-57 [1273 662 1285 662]
line-58 [1062 668 1067 668]
line-59 [1044 666 1049 666]
line-60 [1576 658 1587 658]
line-61 [1637 625 1645 625]
line-62 [1887 630 1892 630]
line-63 [1348 662 1368 662]
line-64 [1625 624 1636 624]
line-65 [1072 668 1078 668]
line-66 [1108 676 1116 676]
line-67 [1237 665 1243 665]
line-68 [1437 748 1456 748]
line-69 [1766 631 1773 630]
line-70 [898 744 898 734]
line-71 [698 675 707 675]
line-72 [1567 638 1578 638]
line-73 [977 671 982 671]
line-74 [1700 636 1706 636]
line-75 [1079 669 1086 669]
line-76 [904 699 904 719]
line-77 [1788 626 1796 626]
line-78 [794 669 801 669]
line-79 [898 669 914 669]
line-80 [1911 629 1916 629]
line-81 [1304 664 1319 664]
line-82 [1087 670 1092 670]
line-83 [1389 748 1409 748]
line-84 [634 671 645 671]
line-85 [736 668 747 668]
line-86 [1731 634 1736 634]
line-87 [1438 750 1446 750]
line-88 [1245 663 1254 663]
line-89 [636 667 645 667]
line-90 [1185 665 1194 665]
line-91 [1390 746 1409 746]
line-92 [657 666 668 666]
line-93 [804 666 811 666]
line-94 [826 676 835 676]
line-95 [1376 661 1381 661]
line-96 [727 675 732 675]
line-97 [1387 661 1396 661]
line-98 [1848 627 1857 627]
line-99 [905 781 905 748]
line-100 [1093 669 1098 669]
line-101 [918 670 924 670]
line-102 [990 666 995 666]
line-103 [704 668 712 668]
line-104 [1098 676 1105 676]
line-105 [1157 678 1162 678]
line-106 [1596 639 1603 639]
line-107 [1056 667 1061 667]
line-108 [900 719 900 705]
line-109 [1456 647 1461 646]
line-110 [1701 644 1714 644]
line-111 [626 671 631 671]
line-112 [1195 666 1200 666]
line-113 [1360 664 1371 664]
line-114 [1684 647 1699 647]
line-115 [868 679 874 679]
line-116 [1879 627 1885 627]
line-117 [1007 668 1016 668]
line-118 [1122 669 1129 669]
line-119 [761 668 767 668]
line-120 [1460 747 1483 747]
line-121 [1447 750 1453 750]
line-122 [895 775 895 769]
line-123 [1489 647 1494 647]
line-124 [1685 659 1690 659]
line-125 [825 674 834 674]
line-126 [1109 668 1116 668]
line-127 [897 758 898 745]
line-128 [647 667 652 667]
line-129 [1691 640 1696 640]
line-130 [628 666 635 666]
line-131 [1562 641 1567 641]
