line-0 [1201 664 1210 664]
line-1 [1186 665 1195 665]
line-2 [611 665 616 665]
line-3 [1401 669 1416 669]
line-4 [628 671 646 671]
line-5 [471 657 476 657]
line-6 [628 666 636 666]
line-7 [931 671 946 671]
line-8 [879 672 890 672]
line-9 [1713 631 1718 631]
line-10 [1650 637 1662 637]
line-11 [1349 662 1370 662]
line-12 [518 670 538 670]
line-13 [680 668 691 668]
line-14 [1823 629 1840 628]
line-15 [749 669 755 669]
line-16 [868 677 889 677]
line-17 [1911 629 1918 629]
line-18 [949 671 966 671]
line-19 [1540 638 1546 638]
line-20 [961 675 966 675]
line-21 [465 659 470 659]
line-22 [1479 648 1489 648]
line-23 [563 667 570 667]
line-24 [1570 659 1575 659]
line-25 [640 674 652 674]
line-26 [1866 624 1871 624]
line-27 [1767 630 1773 630]
line-28 [1607 638 1615 638]
line-29 [719 668 730 668]
line-30 [618 663 624 663]
line-31 [1388 661 1395 661]
line-32 [622 670 627 670]
line-33 [1124 669 1130 669]
line-34 [712 667 718 667]
line-35 [484 717 505 744]
line-36 [639 669 647 669]
line-37 [578 663 587 663]
line-38 [1715 643 1722 643]
line-39 [774 669 780 669]
line-40 [1863 629 1886 629]
line-41 [1273 662 1285 662]
line-42 [1520 636 1528 636]
line-43 [703 668 712 668]
line-44 [543 666 561 666]
line-45 [755 668 762 668]
line-46 [857 677 864 677]
line-47 [560 663 566 663]
line-48 [1163 666 1173 666]
line-49 [1663 636 1672 636]
line-50 [945 677 955 677]
line-51 [1268 470 1286 493]
line-52 [1239 665 1244 665]
line-53 [520 660 531 661]
line-54 [465 667 477 667]
line-55 [1802 630 1808 630]
line-56 [867 672 877 672]
line-57 [1474 748 1495 748]
line-58 [1249 663 1257 663]
line-59 [1093 669 1098 669]
line-60 [901 707 901 699]
line-61 [847 677 852 677]
line-62 [1509 649 1518 649]
line-63 [523 768 552 803]
line-64 [1442 654 1453 654]
line-65 [919 787 924 787]
line-66 [727 675 732 675]
line-67 [1178 666 1185 666]
line-68 [1417 668 1423 668]
line-69 [1396 657 1402 657]
line-70 [1562 641 1568 641]
line-71 [856 670 862 670]
line-72 [1150 666 1155 666]
line-73 [1782 627 1798 626]
line-74 [1553 661 1560 661]
line-75 [1349 670 1359 670]
line-76 [501 669 517 669]
line-77 [1625 624 1635 624]
line-78 [700 675 707 675]
line-79 [1320 663 1334 663]
line-80 [834 669 846 669]
line-81 [1345 668 1352 668]
line-82 [866 679 875 680]
line-83 [1524 641 1538 640]
line-84 [914 670 923 670]
line-85 [1574 638 1579 638]
line-86 [624 668 632 668]
line-87 [899 739 899 726]
line-88 [1305 664 1316 664]
line-89 [795 669 801 669]
line-90 [925 788 930 788]
line-91 [1691 640 1699 639]
line-92 [1881 627 1887 627]
line-93 [552 662 559 662]
line-94 [904 696 904 707]
line-95 [539 671 549 671]
line-96 [1562 639 1567 639]
line-97 [1416 654 1428 654]
line-98 [1508 635 1513 635]
line-99 [633 669 638 669]
line-100 [1888 630 1893 630]
line-101 [825 674 835 674]
line-102 [1854 627 1859 627]
line-103 [603 665 608 665]
line-104 [1409 747 1425 747]
line-105 [651 666 669 666]
line-106 [1547 637 1554 637]
line-107 [827 676 835 676]
line-108 [593 664 602 664]
line-109 [1360 665 1367 665]
line-110 [783 669 788 669]
line-111 [1685 647 1691 647]
line-112 [542 662 547 662]
line-113 [1579 640 1587 640]
line-114 [1429 654 1441 654]
line-115 [478 668 500 668]
line-116 [1576 658 1584 658]
line-117 [931 789 937 790]
line-118 [1685 643 1690 642]
line-119 [1417 648 1423 648]
line-120 [1109 668 1116 668]
line-121 [637 667 646 667]
line-122 [1844 622 1849 622]
line-123 [734 668 742 668]
line-124 [896 768 896 762]
line-125 [1342 670 1348 670]
line-126 [1641 625 1647 625]
line-127 [1704 644 1710 643]
line-128 [1536 664 1541 664]
line-129 [898 750 898 740]
line-130 [1409 749 1422 749]
line-131 [1756 636 1761 636]
line-132 [1723 634 1728 634]
line-133 [899 669 905 669]
line-134 [507 660 514 660]
line-135 [1691 645 1697 645]
line-136 [1335 663 1347 663]
line-137 [1684 645 1690 645]
line-138 [977 671 982 671]
line-139 [556 668 562 668]
line-140 [896 776 901 770]
line-141 [860 679 865 679]
line-142 [1568 638 1573 638]
line-143 [1407 655 1415 655]
line-144 [906 752 906 764]
line-145 [692 672 697 672]
line-146 [1598 639 1603 639]
line-147 [1533 638 1538 638]
line-148 [909 669 914 669]
line-149 [1412 712 1421 712]
line-150 [1427 669 1435 669]
line-151 [1561 661 1566 660]
