line-0 [774 669 780 669]
line-1 [1186 665 1194 665]
line-2 [1568 638 1579 638]
line-3 [816 668 821 668]
line-4 [1656 637 1667 637]
line-5 [1072 668 1078 668]
line-6 [1849 627 1857 627]
line-7 [1312 664 1322 664]
line-8 [1245 663 1257 663]
line-9 [834 669 845 669]
line-10 [1561 639 1567 639]
line-11 [1062 668 1068 668]
line-12 [1668 636 1673 636]
line-13 [1267 663 1286 662]
line-14 [931 671 945 671]
line-15 [1023 669 1028 669]
line-16 [1323 663 1347 663]
line-17 [825 674 834 674]
line-18 [1523 641 1536 641]
line-19 [977 671 983 671]
line-20 [1439 654 1453 654]
line-21 [931 677 936 677]
line-22 [936 676 944 676]
line-23 [538 671 550 671]
line-24 [1195 666 1201 666]
line-25 [1343 670 1360 670]
line-26 [719 668 730 668]
line-27 [1110 668 1116 668]
line-28 [794 669 801 669]
line-29 [1874 629 1887 629]
line-30 [499 669 514 669]
line-31 [579 663 588 663]
line-32 [1388 661 1397 661]
line-33 [1598 639 1606 639]
line-34 [1822 630 1840 629]
line-35 [1867 624 1874 624]
line-36 [899 740 899 729]
line-37 [712 667 718 667]
line-38 [548 663 553 663]
line-39 [471 657 476 657]
line-40 [1203 664 1210 664]
line-41 [515 670 539 669]
line-42 [521 660 528 660]
line-43 [756 668 766 668]
line-44 [1294 662 1299 662]
line-45 [1580 640 1585 640]
line-46 [1624 625 1632 624]
line-47 [1079 669 1087 669]
line-48 [851 670 862 670]
line-49 [1608 638 1616 638]
line-50 [1757 636 1762 636]
line-51 [1175 677 1190 677]
line-52 [511 660 520 661]
line-53 [1349 662 1373 662]
line-54 [1007 668 1016 668]
line-55 [946 671 966 671]
line-56 [873 677 889 677]
line-57 [1733 634 1738 634]
line-58 [475 668 494 668]
line-59 [1508 652 1517 652]
line-60 [1877 631 1889 631]
line-61 [1578 667 1595 667]
line-62 [560 672 590 672]
line-63 [1514 636 1519 635]
line-64 [1179 666 1185 666]
line-65 [1348 668 1353 668]
line-66 [1376 662 1384 660]
line-67 [1088 670 1093 670]
line-68 [1541 636 1546 636]
line-69 [1650 637 1655 637]
line-70 [1479 648 1490 648]
line-71 [918 670 924 670]
line-72 [454 655 460 655]
line-73 [997 669 1006 669]
line-74 [481 718 492 730]
line-75 [1397 657 1402 657]
line-76 [1902 629 1908 629]
line-77 [555 668 562 668]
line-78 [1533 638 1538 638]
line-79 [1433 654 1438 654]
line-80 [898 755 898 743]
line-81 [1724 634 1729 634]
line-82 [1403 669 1411 669]
line-83 [543 666 562 666]
line-84 [1172 667 1178 667]
line-85 [867 677 872 677]
line-86 [1430 669 1436 669]
line-87 [1769 630 1774 630]
line-88 [867 679 875 679]
line-89 [531 660 538 660]
line-90 [1562 641 1568 641]
line-91 [1163 666 1171 666]
line-92 [1152 666 1160 666]
line-93 [1692 640 1697 640]
line-94 [1702 644 1716 644]
line-95 [1541 638 1548 638]
line-96 [900 669 914 669]
line-97 [818 677 825 677]
line-98 [1429 752 1439 752]
line-99 [1123 669 1129 669]
line-100 [1500 652 1505 652]
line-101 [1418 648 1427 648]
line-102 [788 668 793 668]
line-103 [1502 654 1517 654]
line-104 [541 662 547 662]
line-105 [1358 664 1364 664]
line-106 [900 728 900 719]
line-107 [880 672 890 672]
line-108 [1881 627 1887 627]
line-109 [1448 751 1475 751]
line-110 [1717 643 1723 643]
line-111 [1686 645 1701 645]
line-112 [1685 643 1690 643]
line-113 [783 669 788 669]
line-114 [1685 647 1699 647]
line-115 [464 667 474 667]
line-116 [1137 669 1142 669]
line-117 [1864 629 1873 629]
line-118 [1509 649 1518 649]
line-119 [905 708 905 714]
line-120 [895 782 895 777]
line-121 [748 669 756 669]
line-122 [1687 659 1692 659]
line-123 [896 776 897 757]
line-124 [1633 624 1648 625]
line-125 [554 662 559 662]
line-126 [1423 669 1428 669]
line-127 [1803 630 1808 630]
line-128 [563 667 569 667]
line-129 [826 676 835 676]
line-130 [465 659 470 659]
line-131 [884 784 889 784]
line-132 [1305 664 1311 664]
line-133 [1907 649 1913 649]
line-134 [1441 668 1446 668]
line-135 [705 668 712 668]
line-136 [737 668 742 668]
line-137 [1498 709 1505 709]
line-138 [900 718 900 712]
line-139 [531 663 536 663]
line-140 [1714 631 1719 631]
