line-0 [919 670 924 670]
line-1 [867 672 890 672]
line-2 [554 662 559 662]
line-3 [1418 668 1423 668]
line-4 [538 671 549 671]
line-5 [1606 638 1616 638]
line-6 [1500 652 1517 652]
line-7 [613 665 618 665]
line-8 [579 663 593 663]
line-9 [1402 669 1417 669]
line-10 [1523 641 1536 641]
line-11 [719 668 730 668]
line-12 [1172 667 1180 667]
line-13 [1326 663 1347 663]
line-14 [931 671 966 671]
line-15 [1507 654 1517 654]
line-16 [935 676 944 676]
line-17 [1650 637 1670 637]
line-18 [543 666 561 666]
line-19 [778 669 788 669]
line-20 [699 675 708 675]
line-21 [1692 640 1699 640]
line-22 [679 668 691 668]
line-23 [851 670 862 670]
line-24 [1702 644 1718 644]
line-25 [1304 664 1325 664]
line-26 [1791 626 1798 626]
line-27 [1245 663 1256 663]
line-28 [516 670 537 670]
line-29 [1558 640 1564 640]
line-30 [1202 664 1210 664]
line-31 [1196 677 1206 677]
line-32 [1195 666 1201 666]
line-33 [466 667 474 667]
line-34 [555 668 562 668]
line-35 [1757 636 1762 636]
line-36 [1520 636 1528 636]
line-37 [498 669 515 669]
line-38 [1638 625 1647 625]
line-39 [1568 638 1579 638]
line-40 [1826 629 1837 629]
line-41 [945 677 955 677]
line-42 [1769 630 1774 630]
line-43 [901 710 901 699]
line-44 [867 677 888 677]
line-45 [1545 638 1552 638]
line-46 [1357 662 1363 662]
line-47 [1863 629 1885 629]
line-48 [593 664 603 664]
line-49 [1580 640 1588 640]
line-50 [1875 631 1885 631]
line-51 [1867 624 1879 624]
line-52 [826 674 834 674]
line-53 [1481 648 1490 648]
line-54 [647 667 652 667]
line-55 [1457 646 1463 646]
line-56 [817 677 825 677]
line-57 [1274 662 1286 662]
line-58 [560 663 566 663]
line-59 [1364 662 1369 662]
line-60 [632 669 640 669]
line-61 [788 668 793 668]
line-62 [1479 646 1484 646]
line-63 [563 667 569 667]
line-64 [906 753 906 771]
line-65 [1702 636 1707 636]
line-66 [506 660 514 660]
line-67 [727 675 732 675]
line-68 [760 669 768 668]
line-69 [1163 666 1171 666]
line-70 [840 669 846 669]
line-71 [1441 654 1455 654]
line-72 [640 671 645 671]
line-73 [1412 655 1423 654]
line-74 [1123 669 1130 669]
line-75 [1286 493 1297 507]
line-76 [1346 668 1352 668]
line-77 [1152 666 1159 666]
line-78 [896 773 896 767]
line-79 [1488 747 1494 747]
line-80 [934 790 947 792]
line-81 [1344 670 1355 670]
line-82 [638 667 645 667]
line-83 [867 679 875 679]
line-84 [624 668 631 668]
line-85 [1690 647 1701 647]
line-86 [1430 647 1440 647]
line-87 [1849 627 1859 627]
line-88 [1186 665 1194 665]
line-89 [691 672 697 672]
line-90 [1881 627 1887 627]
line-91 [899 738 899 729]
line-92 [900 669 913 669]
line-93 [1723 634 1728 634]
line-94 [541 662 553 663]
line-95 [793 669 801 669]
line-96 [1589 639 1603 639]
line-97 [1392 661 1398 661]
line-98 [912 674 917 674]
line-99 [905 714 905 719]
line-100 [490 729 506 749]
line-101 [475 668 497 668]
line-102 [808 675 815 675]
line-103 [737 668 747 668]
line-104 [825 671 833 671]
line-105 [896 785 902 785]
line-106 [896 675 901 675]
line-107 [1813 630 1818 630]
line-108 [907 678 912 678]
line-109 [857 677 862 677]
line-110 [1627 624 1637 624]
line-111 [634 671 639 671]
line-112 [1555 642 1564 642]
line-113 [1448 646 1453 646]
line-114 [1424 749 1433 749]
line-115 [1180 677 1195 676]
line-116 [977 671 983 671]
line-117 [709 672 714 672]
line-118 [900 723 900 711]
line-119 [1441 647 1447 647]
line-120 [449 666 458 666]
line-121 [713 667 718 667]
line-122 [826 676 834 676]
line-123 [1336 671 1343 671]
line-124 [895 780 895 774]
line-125 [532 663 537 663]
line-126 [1579 658 1585 658]
line-127 [603 665 608 665]
line-128 [703 668 712 668]
line-129 [995 669 1007 668]
line-130 [1685 659 1692 659]
line-131 [748 669 755 669]
line-132 [521 660 528 660]
line-133 [1136 669 1143 669]
line-134 [904 706 904 696]
line-135 [990 666 995 666]
line-136 [628 666 635 666]
line-137 [1406 748 1423 748]
line-138 [1912 629 1917 629]
line-139 [1685 646 1695 645]
line-140 [1424 669 1432 669]
line-141 [1419 648 1426 648]
line-142 [898 746 898 741]
line-143 [532 660 538 660]
line-144 [515 661 520 661]
line-145 [658 666 669 666]
line-146 [1397 657 1402 657]
