line-0 [1061 668 1068 668]
line-1 [794 669 801 669]
line-2 [841 677 854 677]
line-3 [1580 640 1589 640]
line-4 [783 669 788 669]
line-5 [1110 668 1116 668]
line-6 [977 671 983 671]
line-7 [1245 663 1257 663]
line-8 [1163 666 1172 666]
line-9 [901 669 914 669]
line-10 [1071 668 1078 668]
line-11 [935 676 945 676]
line-12 [1523 641 1536 641]
line-13 [1417 654 1431 654]
line-14 [1276 662 1286 662]
line-15 [1093 669 1098 669]
line-16 [1435 654 1454 654]
line-17 [1513 649 1520 649]
line-18 [748 669 756 669]
line-19 [1849 627 1859 627]
line-20 [1331 663 1347 663]
line-21 [702 675 708 675]
line-22 [1591 639 1607 639]
line-23 [465 667 475 667]
line-24 [898 755 898 749]
line-25 [476 668 499 668]
line-26 [1661 637 1673 636]
line-27 [1568 638 1579 638]
line-28 [756 668 768 668]
line-29 [1304 664 1328 664]
line-30 [825 674 834 674]
line-31 [1479 648 1490 648]
line-32 [1693 640 1699 640]
line-33 [1195 666 1201 666]
line-34 [1173 667 1180 667]
line-35 [851 670 862 670]
line-36 [920 670 925 670]
line-37 [1011 668 1016 668]
line-38 [808 675 814 675]
line-39 [906 755 906 784]
line-40 [902 695 902 688]
line-41 [1402 669 1416 669]
line-42 [946 671 966 671]
line-43 [548 663 553 663]
line-44 [538 671 550 671]
line-45 [1416 750 1430 750]
line-46 [1540 638 1548 638]
line-47 [551 666 559 666]
line-48 [1186 665 1194 665]
line-49 [870 677 889 677]
line-50 [1431 647 1444 647]
line-51 [1344 668 1354 668]
line-52 [506 660 512 660]
line-53 [1528 637 1533 637]
line-54 [1692 645 1700 645]
line-55 [703 668 712 668]
line-56 [521 660 529 660]
line-57 [834 669 846 669]
line-58 [555 668 563 668]
line-59 [1416 711 1421 711]
line-60 [553 662 559 662]
line-61 [492 729 507 748]
line-62 [1520 645 1527 645]
line-63 [819 677 825 677]
line-64 [737 668 742 668]
line-65 [1728 635 1733 635]
line-66 [1769 630 1774 630]
line-67 [1649 637 1660 637]
line-68 [1359 662 1371 662]
line-69 [1079 669 1086 669]
line-70 [1912 629 1918 629]
line-71 [868 679 875 679]
line-72 [1203 664 1210 664]
line-73 [1152 666 1159 666]
line-74 [519 670 537 670]
line-75 [1507 652 1517 652]
line-76 [1756 636 1763 636]
line-77 [1447 711 1459 711]
line-78 [1087 670 1092 670]
line-79 [1411 752 1429 752]
line-80 [904 694 904 688]
line-81 [867 672 878 672]
line-82 [1346 670 1355 670]
line-83 [1363 664 1369 664]
line-84 [712 667 718 667]
line-85 [1520 636 1527 636]
line-86 [1881 627 1887 627]
line-87 [719 668 730 668]
line-88 [1635 625 1647 625]
line-89 [896 775 896 765]
line-90 [482 716 493 729]
line-91 [1431 751 1458 751]
line-92 [931 671 943 671]
line-93 [857 677 862 677]
line-94 [945 677 955 677]
line-95 [1396 659 1401 659]
line-96 [901 710 901 705]
line-97 [1136 669 1142 669]
line-98 [543 666 550 666]
line-99 [1122 669 1130 669]
line-100 [1449 646 1455 646]
line-101 [1424 669 1432 669]
line-102 [532 660 538 660]
line-103 [1593 657 1601 656]
line-104 [500 669 515 669]
line-105 [1826 629 1838 629]
line-106 [1779 628 1787 627]
line-107 [500 658 505 658]
line-108 [560 663 566 663]
line-109 [515 661 520 661]
line-110 [1505 654 1515 654]
line-111 [1691 647 1700 647]
line-112 [1717 643 1722 643]
line-113 [1018 668 1023 668]
line-114 [912 674 917 674]
line-115 [1457 646 1463 646]
line-116 [880 672 890 672]
line-117 [1397 657 1402 657]
line-118 [900 725 900 711]
line-119 [904 696 904 703]
line-120 [826 676 834 676]
line-121 [727 675 736 674]
line-122 [745 780 763 779]
line-123 [1415 713 1424 713]
line-124 [889 784 894 784]
line-125 [996 669 1007 669]
line-126 [804 666 809 666]
line-127 [1499 644 1504 644]
line-128 [1500 652 1506 652]
line-129 [1627 624 1634 624]
line-130 [1417 668 1423 668]
