line-0 [719 668 730 668]
line-1 [1355 662 1371 662]
line-2 [838 677 852 677]
line-3 [1094 669 1099 669]
line-4 [1143 668 1150 668]
line-5 [1304 664 1332 664]
line-6 [1693 640 1700 640]
line-7 [778 669 788 669]
line-8 [1333 663 1348 663]
line-9 [873 677 889 677]
line-10 [1045 666 1050 666]
line-11 [902 669 914 669]
line-12 [1865 629 1883 629]
line-13 [464 667 475 667]
line-14 [550 670 555 670]
line-15 [1692 645 1703 645]
line-16 [1235 666 1240 666]
line-17 [1136 669 1143 669]
line-18 [756 668 767 668]
line-19 [995 669 1007 669]
line-20 [593 664 602 664]
line-21 [788 668 793 668]
line-22 [1529 641 1537 641]
line-23 [1245 663 1256 663]
line-24 [519 670 537 670]
line-25 [1907 630 1912 630]
line-26 [1580 640 1589 640]
line-27 [1828 629 1840 629]
line-28 [1276 662 1286 662]
line-29 [907 678 912 678]
line-30 [1430 655 1436 655]
line-31 [1541 638 1553 638]
line-32 [1704 644 1720 644]
line-33 [1061 668 1074 668]
line-34 [1793 626 1798 626]
line-35 [867 677 872 677]
line-36 [541 662 547 662]
line-37 [543 666 559 666]
line-38 [953 671 966 671]
line-39 [1439 647 1449 647]
line-40 [794 669 801 669]
line-41 [560 667 569 667]
line-42 [1408 669 1419 669]
line-43 [1007 668 1016 668]
line-44 [1486 750 1508 750]
line-45 [906 753 906 785]
line-46 [1882 627 1888 627]
line-47 [1172 667 1180 667]
line-48 [1814 630 1824 630]
line-49 [1087 670 1093 670]
line-50 [901 711 901 701]
line-51 [1590 639 1606 639]
line-52 [1557 636 1563 636]
line-53 [484 719 508 749]
line-54 [1417 654 1429 654]
line-55 [1850 627 1860 627]
line-56 [554 662 560 662]
line-57 [476 668 496 668]
line-58 [1437 654 1454 654]
line-59 [1181 666 1186 666]
line-60 [538 671 549 671]
line-61 [471 657 476 657]
line-62 [1187 665 1194 665]
line-63 [1424 753 1436 753]
line-64 [936 676 945 676]
line-65 [1023 669 1028 669]
line-66 [561 663 566 663]
line-67 [852 670 863 670]
line-68 [1650 637 1671 637]
line-69 [1121 669 1128 669]
line-70 [824 671 832 671]
line-71 [931 671 943 671]
line-72 [450 666 459 666]
line-73 [1079 669 1086 669]
line-74 [1639 625 1646 625]
line-75 [857 677 862 677]
line-76 [1869 624 1880 624]
line-77 [1363 666 1371 666]
line-78 [521 660 529 660]
line-79 [867 672 875 672]
line-80 [946 677 955 677]
line-81 [905 731 905 705]
line-82 [497 669 518 669]
line-83 [505 659 515 660]
line-84 [1482 649 1492 648]
line-85 [548 663 553 663]
line-86 [1514 636 1519 635]
line-87 [737 668 747 668]
line-88 [532 663 537 663]
line-89 [1372 663 1378 662]
line-90 [1433 669 1447 668]
line-91 [1202 664 1209 664]
line-92 [1195 666 1201 666]
line-93 [1440 752 1473 752]
line-94 [1802 630 1807 630]
line-95 [880 672 890 672]
line-96 [1479 646 1486 646]
line-97 [1770 630 1775 630]
line-98 [1154 666 1160 666]
line-99 [1366 664 1371 664]
line-100 [913 674 919 674]
line-101 [579 663 588 663]
line-102 [868 679 875 679]
line-103 [1692 647 1703 647]
line-104 [897 765 897 758]
line-105 [826 674 831 674]
line-106 [919 670 925 670]
line-107 [1163 666 1170 666]
line-108 [977 671 983 671]
line-109 [1687 659 1692 659]
line-110 [1111 668 1116 668]
line-111 [896 778 896 767]
line-112 [1487 710 1497 710]
line-113 [1446 750 1473 750]
line-114 [1757 636 1763 636]
line-115 [747 669 753 669]
line-116 [826 676 834 676]
line-117 [1520 636 1527 636]
