line-0 [103 1075 138 1075]
line-1 [230 1086 265 1086]
line-2 [957 1007 962 1007]
line-3 [204 811 212 811]
line-4 [899 1014 906 1014]
line-5 [369 806 378 806]
line-6 [440 805 451 805]
line-7 [193 1085 229 1085]
line-8 [239 809 250 809]
line-9 [298 1079 317 1079]
line-10 [50 1074 68 1074]
line-11 [115 1062 192 1062]
line-12 [561 926 571 922]
line-13 [70 1068 117 1068]
line-14 [336 808 352 808]
line-15 [988 1004 996 1004]
line-16 [274 1087 302 1087]
line-17 [140 1084 168 1084]
line-18 [1069 999 1074 999]
line-19 [696 1041 701 1040]
line-20 [516 1103 530 1098]
line-21 [970 1006 976 1006]
line-22 [248 1078 297 1078]
line-23 [99 1083 109 1083]
line-24 [460 808 479 808]
line-25 [572 1082 581 1079]
line-26 [324 807 329 807]
line-27 [37 1082 55 1082]
line-28 [306 810 312 810]
line-29 [139 1069 167 1069]
line-30 [186 1077 247 1077]
line-31 [46 1068 69 1068]
line-32 [682 1045 687 1044]
line-33 [171 812 180 812]
line-34 [603 1071 610 1069]
line-35 [939 1009 947 1009]
line-36 [702 1039 714 1036]
line-37 [27 1074 41 1074]
line-38 [782 1020 787 1019]
line-39 [344 1089 352 1089]
line-40 [359 807 364 807]
line-41 [333 1073 360 1073]
line-42 [303 1088 340 1088]
line-43 [744 809 754 809]
line-44 [70 1074 88 1075]
line-45 [590 1076 595 1074]
line-46 [99 815 106 815]
line-47 [86 814 93 814]
line-48 [343 1080 364 1081]
line-49 [1003 1003 1014 1002]
line-50 [723 1034 732 1032]
line-51 [622 794 628 794]
line-52 [482 1119 491 1115]
line-53 [908 818 923 818]
line-54 [1060 1000 1068 1000]
line-55 [54 1061 106 1061]
line-56 [619 1066 628 1063]
line-57 [0 1081 14 1081]
line-58 [336 1066 350 1066]
line-59 [977 1005 987 1005]
line-60 [62 1082 73 1082]
line-61 [635 799 643 799]
line-62 [480 808 494 808]
line-63 [1032 1001 1042 1001]
line-64 [143 1076 185 1076]
line-65 [37 818 45 818]
line-66 [0 1073 19 1074]
line-67 [313 809 320 809]
line-68 [292 810 301 810]
line-69 [992 1009 1000 1009]
line-70 [52 824 63 824]
line-71 [550 931 561 927]
line-72 [539 1094 548 1091]
line-73 [118 1069 127 1069]
line-74 [80 815 85 815]
line-75 [79 1083 98 1083]
line-76 [664 1051 673 1048]
line-77 [1018 1004 1029 1004]
line-78 [497 1111 502 1109]
line-79 [401 808 406 808]
line-80 [258 811 267 811]
line-81 [11 823 21 823]
line-82 [915 1012 921 1012]
line-83 [188 811 195 811]
line-84 [524 949 549 932]
line-85 [932 1010 938 1010]
line-86 [319 1080 342 1080]
line-87 [491 1114 497 1112]
line-88 [42 1074 49 1074]
line-89 [15 818 21 818]
line-90 [174 1085 181 1085]
line-91 [24 1082 34 1082]
line-92 [5 820 10 820]
line-93 [1001 1009 1006 1008]
line-94 [391 805 396 805]
line-95 [1054 1000 1059 1000]
line-96 [231 809 237 809]
line-97 [124 1084 133 1084]
line-98 [575 920 584 917]
line-99 [110 1083 120 1083]
