line-0 [336 1081 364 1081]
line-1 [308 1080 334 1080]
line-2 [117 1076 163 1076]
line-3 [162 1085 182 1085]
line-4 [336 1066 360 1066]
line-5 [243 810 251 810]
line-6 [131 1084 161 1084]
line-7 [974 1005 984 1005]
line-8 [332 808 340 808]
line-9 [47 1068 83 1068]
line-10 [283 1088 304 1088]
line-11 [688 1043 696 1041]
line-12 [558 1087 570 1083]
line-13 [347 808 354 808]
line-14 [74 1062 152 1062]
line-15 [215 1078 244 1078]
line-16 [350 1090 358 1090]
line-17 [399 808 410 808]
line-18 [0 1074 27 1074]
line-19 [355 807 360 807]
line-20 [40 1083 91 1083]
line-21 [658 1052 669 1049]
line-22 [252 811 259 811]
line-23 [46 1075 102 1075]
line-24 [184 1063 192 1063]
line-25 [922 1011 928 1011]
line-26 [361 808 368 808]
line-27 [33 818 38 818]
line-28 [623 1064 638 1059]
line-29 [145 1070 159 1070]
line-30 [212 1086 220 1086]
line-31 [446 806 453 806]
line-32 [93 816 101 816]
line-33 [164 1077 206 1077]
line-34 [896 1014 911 1013]
line-35 [82 815 93 815]
line-36 [411 806 421 806]
line-37 [219 809 224 809]
line-38 [712 1036 719 1035]
line-39 [182 811 191 811]
line-40 [550 1090 556 1088]
line-41 [955 1007 965 1007]
line-42 [11 824 21 824]
line-43 [111 1069 125 1069]
line-44 [341 809 346 809]
line-45 [576 1080 586 1077]
line-46 [993 1009 998 1009]
line-47 [1010 1002 1015 1002]
line-48 [424 808 429 808]
line-49 [276 810 294 810]
line-50 [486 1116 500 1110]
line-51 [742 809 752 810]
line-52 [758 1025 782 1020]
line-53 [206 812 211 812]
line-54 [523 1100 537 1095]
line-55 [999 1008 1004 1008]
line-56 [382 808 388 808]
line-57 [301 1079 307 1079]
line-58 [9 1082 16 1082]
line-59 [1031 1001 1037 1001]
line-60 [565 925 572 922]
line-61 [641 800 646 800]
line-62 [164 1070 174 1070]
line-63 [319 1089 347 1089]
line-64 [92 1083 103 1083]
line-65 [359 1074 367 1074]
line-66 [742 1029 747 1028]
line-67 [199 1086 211 1086]
line-68 [761 811 771 811]
line-69 [1040 1004 1046 1004]
line-70 [929 815 937 815]
line-71 [634 799 640 799]
line-72 [521 1096 526 1094]
line-73 [235 810 241 810]
line-74 [361 1067 368 1067]
line-75 [226 1086 234 1086]
line-76 [104 1084 127 1084]
line-77 [458 808 470 808]
line-78 [25 819 32 819]
line-79 [286 1079 294 1079]
line-80 [1042 1000 1069 999]
line-81 [550 932 555 930]
line-82 [177 812 182 812]
line-83 [96 1069 110 1069]
line-84 [501 1109 510 1106]
line-85 [1064 820 1071 820]
line-86 [295 1079 300 1079]
line-87 [235 1086 260 1086]
line-88 [590 1075 596 1073]
line-89 [340 1073 346 1073]
line-90 [111 1075 116 1075]
line-91 [681 1045 687 1043]
line-92 [126 1069 136 1069]
line-93 [939 1009 944 1009]
line-94 [347 1074 358 1074]
line-95 [996 1003 1009 1003]
line-96 [1072 821 1079 821]
line-97 [929 1010 935 1010]
line-98 [585 917 590 915]
line-99 [194 811 205 811]
line-100 [750 812 760 812]
line-101 [261 1087 279 1087]
line-102 [1071 1003 1079 1003]
line-103 [17 1082 39 1082]
line-104 [186 1085 193 1085]
line-105 [966 1006 973 1006]
line-106 [488 813 496 813]
line-107 [908 819 917 819]
line-108 [1018 1004 1030 1004]
line-109 [251 1078 265 1078]
line-110 [579 919 584 917]
line-111 [430 807 435 807]
line-112 [611 1068 619 1065]
line-113 [266 1078 276 1078]
