line-0 [45 1082 86 1082]
line-1 [267 1077 300 1078]
line-2 [993 1004 1001 1004]
line-3 [345 1066 373 1066]
line-4 [313 809 320 809]
line-5 [595 1074 610 1069]
line-6 [245 1086 301 1087]
line-7 [251 810 258 810]
line-8 [341 808 352 808]
line-9 [153 1069 185 1069]
line-10 [960 1007 967 1007]
line-11 [6 1073 14 1073]
line-12 [46 1068 120 1068]
line-13 [192 1077 261 1077]
line-14 [179 1085 234 1085]
line-15 [777 1021 788 1019]
line-16 [94 1083 104 1083]
line-17 [360 807 365 807]
line-18 [350 1073 364 1073]
line-19 [132 1062 192 1062]
line-20 [344 1089 359 1089]
line-21 [991 1009 999 1009]
line-22 [196 810 204 810]
line-23 [15 1074 87 1074]
line-24 [25 818 33 818]
line-25 [88 1075 146 1075]
line-26 [107 1083 117 1083]
line-27 [562 1086 589 1076]
line-28 [659 1052 667 1050]
line-29 [53 1061 129 1061]
line-30 [292 810 301 810]
line-31 [24 1082 40 1082]
line-32 [1059 1000 1068 1000]
line-33 [564 925 570 922]
line-34 [949 1008 954 1008]
line-35 [941 1009 948 1009]
line-36 [205 811 212 811]
line-37 [700 1040 705 1039]
line-38 [369 806 378 806]
line-39 [160 812 166 812]
line-40 [461 808 494 808]
line-41 [924 1011 931 1011]
line-42 [523 950 530 945]
line-43 [231 809 250 809]
line-44 [149 1084 177 1084]
line-45 [528 946 537 940]
line-46 [1049 1000 1057 1000]
line-47 [977 1005 988 1005]
line-48 [98 815 106 815]
line-49 [308 1088 343 1088]
line-50 [751 1027 758 1026]
line-51 [323 807 328 807]
line-52 [62 823 75 823]
line-53 [735 1031 740 1030]
line-54 [0 1081 23 1081]
line-55 [792 938 802 938]
line-56 [634 795 639 795]
line-57 [723 1034 729 1033]
line-58 [915 1012 920 1012]
line-59 [446 805 451 805]
line-60 [55 818 60 818]
line-61 [126 1083 135 1083]
line-62 [121 1069 152 1069]
line-63 [147 1076 191 1076]
line-64 [542 936 551 931]
line-65 [760 810 766 810]
line-66 [1031 823 1039 823]
line-67 [1069 999 1076 999]
line-68 [219 808 224 808]
line-69 [545 1092 559 1087]
line-70 [281 809 286 809]
line-71 [635 1060 642 1058]
line-72 [682 1045 687 1044]
line-73 [259 811 266 811]
line-74 [898 1014 913 1013]
line-75 [812 939 822 939]
line-76 [523 1095 529 1093]
line-77 [136 1084 148 1084]
line-78 [38 818 46 818]
line-79 [605 910 618 907]
line-80 [878 811 886 811]
line-81 [495 1112 503 1109]
line-82 [171 812 179 812]
line-83 [485 1117 493 1113]
line-84 [636 799 645 799]
line-85 [1061 1004 1069 1004]
line-86 [1002 1006 1007 1006]
line-87 [11 823 22 823]
line-88 [589 915 595 913]
line-89 [301 1079 323 1079]
line-90 [324 1080 359 1080]
line-91 [51 824 61 824]
line-92 [558 928 563 925]
line-93 [401 808 406 808]
line-94 [1024 823 1030 823]
line-95 [768 1023 774 1022]
line-96 [5 820 10 820]
line-97 [1006 1003 1013 1003]
line-98 [669 1049 674 1048]
line-99 [1009 1007 1014 1006]
line-100 [392 805 397 805]
line-101 [307 810 312 810]
line-102 [189 811 195 811]
line-103 [85 814 93 814]
