line-0 [22 1074 63 1074]
line-1 [278 1078 286 1078]
line-2 [222 1086 267 1086]
line-3 [188 811 196 811]
line-4 [106 1069 146 1069]
line-5 [369 806 376 806]
line-6 [175 812 181 812]
line-7 [948 1008 955 1008]
line-8 [459 808 494 808]
line-9 [1030 1001 1041 1001]
line-10 [609 1069 621 1065]
line-11 [104 1062 132 1062]
line-12 [292 1079 311 1079]
line-13 [64 1075 137 1075]
line-14 [32 818 46 818]
line-15 [958 1007 974 1006]
line-16 [400 808 408 808]
line-17 [746 1028 752 1027]
line-18 [213 1077 223 1077]
line-19 [5 820 11 820]
line-20 [0 1081 15 1081]
line-21 [722 1034 731 1032]
line-22 [353 807 363 807]
line-23 [102 1083 121 1083]
line-24 [908 818 913 818]
line-25 [257 1078 275 1078]
line-26 [580 1079 594 1074]
line-27 [703 1039 715 1036]
line-28 [64 1061 103 1061]
line-29 [339 1089 347 1089]
line-30 [197 1077 207 1077]
line-31 [122 1084 161 1084]
line-32 [148 1076 166 1076]
line-33 [306 810 313 810]
line-34 [167 1085 191 1085]
line-35 [536 1095 542 1093]
line-36 [346 808 352 808]
line-37 [494 1112 505 1108]
line-38 [335 1066 364 1066]
line-39 [113 822 123 822]
line-40 [411 806 422 806]
line-41 [76 1068 90 1068]
line-42 [86 814 92 814]
line-43 [1001 1008 1012 1007]
line-44 [16 1082 66 1082]
line-45 [629 1062 642 1058]
line-46 [523 1100 532 1097]
line-47 [743 809 754 809]
line-48 [907 1013 927 1011]
line-49 [312 1080 347 1080]
line-50 [544 935 550 932]
line-51 [986 1004 996 1004]
line-52 [75 1083 101 1083]
line-53 [347 1073 356 1073]
line-54 [291 810 296 810]
line-55 [93 1068 105 1068]
line-56 [281 1087 291 1087]
line-57 [156 1062 191 1062]
line-58 [22 819 31 819]
line-59 [794 807 803 807]
line-60 [776 1021 782 1020]
line-61 [1056 999 1061 999]
line-62 [167 1076 176 1076]
line-63 [80 815 85 815]
line-64 [665 1050 677 1046]
line-65 [133 1062 140 1062]
line-66 [59 824 67 824]
line-67 [295 1088 334 1088]
line-68 [975 1005 985 1005]
line-69 [815 808 821 806]
line-70 [204 811 212 811]
line-71 [528 946 536 941]
line-72 [553 930 566 924]
line-73 [1000 1003 1011 1003]
line-74 [1039 1004 1047 1004]
line-75 [768 1023 773 1022]
line-76 [254 811 261 811]
line-77 [487 1116 494 1113]
line-78 [152 1069 164 1069]
line-79 [178 1077 196 1077]
line-80 [526 1096 531 1095]
line-81 [230 1078 245 1078]
line-82 [12 823 19 823]
line-83 [240 809 248 809]
line-84 [66 818 73 818]
line-85 [1064 999 1079 999]
line-86 [357 1074 368 1074]
line-87 [1050 1000 1055 1000]
line-88 [775 807 780 807]
line-89 [600 1072 608 1069]
line-90 [47 1068 75 1068]
line-91 [15 818 21 818]
line-92 [170 1070 183 1070]
line-93 [602 911 607 910]
line-94 [52 824 58 824]
line-95 [934 815 939 815]
line-96 [581 918 589 915]
line-97 [931 1010 938 1010]
line-98 [335 808 342 808]
line-99 [94 816 99 816]
line-100 [100 815 105 815]
line-101 [263 811 268 811]
line-102 [7 1074 21 1074]
line-103 [211 1086 216 1086]
line-104 [246 1078 252 1078]
line-105 [786 804 791 804]
line-106 [535 941 545 935]
line-107 [1055 820 1060 820]
line-108 [755 1026 760 1025]
line-109 [358 1081 363 1081]
line-110 [118 815 123 815]
line-111 [889 1015 896 1015]
