line-0 [205 1077 261 1077]
line-1 [180 1085 220 1085]
line-2 [69 1068 83 1068]
line-3 [949 1008 957 1008]
line-4 [162 1062 192 1062]
line-5 [301 809 306 809]
line-6 [204 811 212 811]
line-7 [871 943 878 943]
line-8 [460 808 494 808]
line-9 [618 1066 625 1064]
line-10 [344 1089 359 1089]
line-11 [1019 1004 1027 1004]
line-12 [664 1051 683 1045]
line-13 [139 1084 175 1084]
line-14 [47 1074 61 1074]
line-15 [292 810 301 810]
line-16 [54 1082 87 1082]
line-17 [0 1081 53 1082]
line-18 [84 814 93 814]
line-19 [315 1079 324 1079]
line-20 [984 952 991 952]
line-21 [930 814 935 814]
line-22 [1049 1000 1079 999]
line-23 [445 805 451 805]
line-24 [337 1073 345 1073]
line-25 [53 1061 134 1061]
line-26 [961 1007 967 1007]
line-27 [514 1104 520 1102]
line-28 [189 811 195 811]
line-29 [281 809 286 809]
line-30 [1050 959 1058 959]
line-31 [916 947 927 947]
line-32 [532 1097 538 1095]
line-33 [122 1069 185 1069]
line-34 [88 1075 153 1075]
line-35 [539 938 568 923]
line-36 [160 812 166 812]
line-37 [360 807 365 807]
line-38 [242 1086 260 1086]
line-39 [173 1076 183 1076]
line-40 [932 1010 948 1008]
line-41 [706 1038 725 1034]
line-42 [634 795 639 795]
line-43 [171 812 179 812]
line-44 [230 809 250 809]
line-45 [907 1013 921 1012]
line-46 [760 810 766 810]
line-47 [636 799 646 799]
line-48 [1039 958 1045 958]
line-49 [88 1083 138 1083]
line-50 [975 951 983 951]
line-51 [759 1025 767 1024]
line-52 [562 1086 571 1083]
line-53 [877 811 886 811]
line-54 [38 818 46 818]
line-55 [631 1062 639 1059]
line-56 [307 810 312 810]
line-57 [84 1068 121 1068]
line-58 [591 914 596 913]
line-59 [0 1073 17 1073]
line-60 [962 949 970 950]
line-61 [251 810 258 810]
line-62 [274 1087 308 1087]
line-63 [908 818 918 818]
line-64 [992 1004 1008 1003]
line-65 [25 818 33 818]
line-66 [313 809 320 809]
line-67 [259 811 266 811]
line-68 [344 1066 373 1066]
line-69 [778 806 783 806]
line-70 [928 948 935 948]
line-71 [62 1074 82 1074]
line-72 [798 807 803 807]
line-73 [325 1080 359 1080]
line-74 [309 1088 343 1088]
line-75 [992 1009 1001 1009]
line-76 [685 1044 691 1043]
line-77 [271 1078 299 1078]
line-78 [647 1056 652 1055]
line-79 [585 1077 591 1075]
line-80 [1073 1003 1079 1003]
line-81 [500 1110 513 1104]
line-82 [1013 819 1018 819]
line-83 [1024 823 1036 823]
line-84 [184 1076 192 1076]
line-85 [154 1076 163 1076]
line-86 [523 1095 530 1093]
line-87 [1022 956 1038 957]
line-88 [889 945 902 945]
line-89 [599 1073 604 1071]
line-90 [803 808 809 808]
line-91 [98 815 105 815]
line-92 [135 1062 161 1062]
line-93 [484 1118 499 1110]
line-94 [340 808 352 808]
line-95 [18 1074 32 1074]
line-96 [521 1101 530 1098]
line-97 [982 1005 988 1005]
line-98 [12 823 22 823]
line-99 [525 948 531 944]
line-100 [346 1073 364 1073]
line-101 [533 942 538 939]
line-102 [369 806 378 806]
line-103 [692 1042 698 1041]
line-104 [903 946 914 946]
line-105 [1060 1004 1068 1004]
line-106 [891 1015 897 1015]
line-107 [937 948 943 948]
line-108 [1068 961 1075 961]
line-109 [544 1092 549 1091]
line-110 [622 794 628 794]
line-111 [756 812 764 812]
