line-0 [117 1076 213 1077]
line-1 [47 1083 154 1084]
line-2 [148 1070 185 1070]
line-3 [1063 999 1071 999]
line-4 [336 1066 352 1066]
line-5 [975 1005 982 1005]
line-6 [320 808 329 808]
line-7 [62 1062 168 1062]
line-8 [957 1007 962 1007]
line-9 [605 1070 627 1063]
line-10 [323 1089 346 1089]
line-11 [14 1074 26 1074]
line-12 [276 810 289 810]
line-13 [160 813 166 813]
line-14 [323 1080 339 1080]
line-15 [60 1068 67 1068]
line-16 [260 812 265 812]
line-17 [27 1075 33 1075]
line-18 [333 808 340 808]
line-19 [718 1035 728 1033]
line-20 [462 809 494 809]
line-21 [83 1069 147 1069]
line-22 [568 1084 578 1080]
line-23 [203 1086 211 1086]
line-24 [761 811 772 811]
line-25 [361 808 366 808]
line-26 [249 1086 257 1086]
line-27 [217 1078 273 1078]
line-28 [877 812 885 812]
line-29 [692 1042 697 1041]
line-30 [45 1075 107 1075]
line-31 [947 1008 952 1008]
line-32 [196 811 205 811]
line-33 [818 807 829 807]
line-34 [155 1085 192 1085]
line-35 [1000 1003 1007 1003]
line-36 [301 810 309 810]
line-37 [295 811 300 811]
line-38 [635 796 640 796]
line-39 [914 1012 919 1012]
line-40 [629 1062 639 1059]
line-41 [218 1086 228 1086]
line-42 [447 806 452 806]
line-43 [660 1052 668 1049]
line-44 [550 933 567 924]
line-45 [671 800 676 800]
line-46 [278 1088 322 1088]
line-47 [83 815 93 815]
line-48 [938 1009 946 1009]
line-49 [68 1069 75 1069]
line-50 [0 819 5 819]
line-51 [34 1074 41 1074]
line-52 [355 1074 363 1074]
line-53 [399 808 411 808]
line-54 [67 819 74 819]
line-55 [11 824 22 824]
line-56 [767 1023 774 1022]
line-57 [793 807 798 807]
line-58 [837 807 843 807]
line-59 [988 1004 999 1004]
line-60 [878 814 883 814]
line-61 [1001 1008 1012 1007]
line-62 [304 1080 312 1080]
line-63 [529 946 536 941]
line-64 [486 1116 491 1114]
line-65 [521 952 528 947]
line-66 [8 1082 43 1082]
line-67 [219 809 224 809]
line-68 [228 810 251 810]
line-69 [169 1063 192 1063]
line-70 [252 811 259 811]
line-71 [730 1032 745 1029]
line-72 [547 1091 552 1089]
line-73 [25 819 33 819]
line-74 [589 1076 594 1074]
line-75 [293 1079 301 1079]
line-76 [340 1081 363 1081]
line-77 [897 1014 904 1014]
line-78 [1038 1001 1051 1000]
line-79 [56 824 76 824]
line-80 [580 919 589 916]
line-81 [373 807 378 807]
line-82 [687 797 693 797]
line-83 [229 1086 239 1086]
line-84 [636 800 646 800]
line-85 [1002 1006 1007 1006]
line-86 [702 1039 710 1037]
line-87 [500 1110 506 1107]
line-88 [97 816 102 816]
line-89 [263 1087 271 1087]
line-90 [830 806 835 806]
line-91 [347 808 355 808]
line-92 [541 938 550 932]
line-93 [643 1057 654 1054]
line-94 [364 1074 369 1074]
line-95 [775 1022 788 1019]
line-96 [809 808 814 808]
line-97 [861 1005 874 1005]
line-98 [1018 1004 1027 1004]
line-99 [353 1067 373 1067]
line-100 [341 809 346 809]
line-101 [337 1074 346 1074]
line-102 [742 809 750 809]
line-103 [206 812 212 812]
line-104 [803 809 809 809]
line-105 [889 1015 896 1015]
line-106 [590 915 599 913]
