line-0 [112 1076 157 1076]
line-1 [904 1013 919 1012]
line-2 [259 1087 278 1087]
line-3 [48 1068 84 1068]
line-4 [242 1078 270 1078]
line-5 [649 1055 665 1050]
line-6 [275 810 293 810]
line-7 [166 1063 192 1063]
line-8 [920 1011 927 1011]
line-9 [332 808 342 808]
line-10 [228 810 251 810]
line-11 [45 1075 104 1075]
line-12 [561 1086 578 1080]
line-13 [177 1070 184 1070]
line-14 [950 1008 956 1008]
line-15 [210 1086 258 1086]
line-16 [53 1062 165 1062]
line-17 [252 811 259 811]
line-18 [161 1077 194 1077]
line-19 [462 809 493 809]
line-20 [508 1106 516 1103]
line-21 [36 1083 89 1083]
line-22 [1025 824 1032 824]
line-23 [338 1081 356 1081]
line-24 [317 1089 350 1089]
line-25 [355 807 360 807]
line-26 [999 1003 1015 1002]
line-27 [738 1030 761 1025]
line-28 [172 813 177 813]
line-29 [195 811 204 811]
line-30 [412 806 421 806]
line-31 [585 1077 593 1074]
line-32 [343 1066 353 1066]
line-33 [20 1075 33 1075]
line-34 [80 816 93 815]
line-35 [346 1074 369 1074]
line-36 [304 1080 316 1080]
line-37 [808 1014 843 1008]
line-38 [808 808 814 808]
line-39 [93 816 102 816]
line-40 [110 1069 141 1069]
line-41 [569 923 574 921]
line-42 [117 1084 157 1084]
line-43 [877 812 885 812]
line-44 [265 811 270 811]
line-45 [357 1081 363 1081]
line-46 [691 1042 696 1041]
line-47 [80 823 89 823]
line-48 [724 1034 735 1031]
line-49 [793 807 798 807]
line-50 [399 808 410 808]
line-51 [301 810 308 810]
line-52 [294 811 300 811]
line-53 [290 1079 303 1079]
line-54 [990 1004 998 1004]
line-55 [6 1082 35 1082]
line-56 [216 1078 234 1078]
line-57 [1026 1001 1042 1001]
line-58 [1071 821 1078 821]
line-59 [445 806 452 806]
line-60 [818 807 825 807]
line-61 [5 1074 19 1074]
line-62 [777 807 782 807]
line-63 [552 931 568 924]
line-64 [1056 820 1070 820]
line-65 [993 1009 1006 1008]
line-66 [608 1069 615 1067]
line-67 [158 1085 185 1085]
line-68 [521 952 529 946]
line-69 [528 1098 543 1092]
line-70 [142 1070 176 1070]
line-71 [635 796 640 796]
line-72 [793 1018 806 1015]
line-73 [322 808 329 808]
line-74 [975 1005 985 1005]
line-75 [279 1088 316 1088]
line-76 [1065 999 1079 999]
line-77 [643 1057 648 1055]
line-78 [908 819 917 819]
line-79 [424 808 430 808]
line-80 [196 1077 210 1077]
line-81 [623 1064 630 1062]
line-82 [861 1005 874 1005]
line-83 [186 1086 209 1086]
line-84 [930 815 935 815]
line-85 [543 936 553 931]
line-86 [342 809 347 809]
line-87 [754 809 759 809]
line-88 [11 824 21 824]
line-89 [640 800 646 800]
line-90 [33 818 38 818]
line-91 [1073 1003 1079 1003]
line-92 [760 811 771 811]
line-93 [25 819 32 819]
line-94 [703 1039 715 1036]
line-95 [482 1119 495 1112]
line-96 [671 800 676 800]
line-97 [829 806 835 806]
line-98 [1002 1006 1007 1006]
line-99 [105 1084 116 1084]
line-100 [348 808 354 808]
line-101 [530 945 542 937]
line-102 [354 1067 372 1067]
line-103 [835 807 840 807]
line-104 [183 811 189 811]
line-105 [958 1007 964 1007]
line-106 [886 811 891 811]
line-107 [930 1010 935 1010]
