line-0 [0 1081 16 1081]
line-1 [15 1074 71 1074]
line-2 [254 811 268 811]
line-3 [127 1084 166 1084]
line-4 [107 1062 163 1062]
line-5 [968 1006 974 1006]
line-6 [182 1077 204 1077]
line-7 [173 1070 183 1070]
line-8 [268 1087 294 1087]
line-9 [400 808 409 808]
line-10 [793 807 803 807]
line-11 [204 811 212 811]
line-12 [574 1081 606 1070]
line-13 [42 1082 60 1082]
line-14 [744 809 754 809]
line-15 [763 1024 769 1023]
line-16 [955 1007 961 1007]
line-17 [991 1009 1012 1007]
line-18 [215 1077 234 1077]
line-19 [369 806 378 806]
line-20 [346 808 353 808]
line-21 [333 1073 360 1073]
line-22 [722 1034 732 1032]
line-23 [47 1068 118 1068]
line-24 [542 936 554 930]
line-25 [668 1049 682 1045]
line-26 [915 1012 920 1012]
line-27 [332 808 342 808]
line-28 [92 1083 120 1083]
line-29 [617 802 622 802]
line-30 [204 1085 219 1085]
line-31 [52 819 61 819]
line-32 [119 1069 172 1069]
line-33 [107 1075 125 1075]
line-34 [633 795 638 795]
line-35 [220 1086 267 1086]
line-36 [251 1078 279 1078]
line-37 [938 1009 953 1008]
line-38 [80 815 90 815]
line-39 [54 1061 105 1061]
line-40 [52 824 67 824]
line-41 [315 1080 349 1080]
line-42 [634 799 642 799]
line-43 [737 1030 744 1029]
line-44 [320 808 325 808]
line-45 [464 808 489 808]
line-46 [21 1082 39 1082]
line-47 [336 1066 368 1066]
line-48 [187 811 197 810]
line-49 [775 807 781 807]
line-50 [1000 1003 1011 1003]
line-51 [292 1079 314 1079]
line-52 [975 1005 985 1005]
line-53 [137 1076 181 1076]
line-54 [297 1088 337 1088]
line-55 [555 929 567 924]
line-56 [524 1094 530 1092]
line-57 [411 806 423 806]
line-58 [510 1105 519 1102]
line-59 [490 1114 498 1111]
line-60 [94 816 99 816]
line-61 [541 1093 559 1087]
line-62 [338 1089 343 1089]
line-63 [277 810 282 810]
line-64 [805 1015 821 1012]
line-65 [100 815 106 815]
line-66 [629 1062 641 1058]
line-67 [167 1085 203 1085]
line-68 [1022 1004 1030 1004]
line-69 [702 1039 721 1034]
line-70 [354 807 363 807]
line-71 [897 1014 903 1014]
line-72 [305 810 313 810]
line-73 [5 820 12 820]
line-74 [521 952 536 940]
line-75 [75 1075 106 1075]
line-76 [789 1018 794 1018]
line-77 [1063 999 1079 999]
line-78 [36 818 45 818]
line-79 [15 818 21 818]
line-80 [179 1062 191 1062]
line-81 [751 812 764 812]
line-82 [499 1110 504 1108]
line-83 [12 823 20 823]
line-84 [1071 1003 1079 1003]
line-85 [581 918 600 912]
line-86 [779 1021 786 1019]
line-87 [72 1083 81 1083]
line-88 [446 806 454 806]
line-89 [175 812 181 812]
line-90 [1039 1004 1047 1004]
line-91 [917 818 923 818]
line-92 [905 1013 910 1013]
