line-0 [155 1085 182 1085]
line-1 [207 1086 215 1086]
line-2 [285 1079 302 1079]
line-3 [228 1078 284 1078]
line-4 [48 1068 85 1068]
line-5 [336 1066 352 1066]
line-6 [58 1062 168 1062]
line-7 [276 810 287 810]
line-8 [223 1086 251 1086]
line-9 [1003 1003 1008 1003]
line-10 [568 1083 580 1079]
line-11 [114 1084 154 1084]
line-12 [40 1083 106 1083]
line-13 [224 810 252 810]
line-14 [766 1023 778 1021]
line-15 [524 1094 531 1092]
line-16 [333 808 340 808]
line-17 [271 809 276 809]
line-18 [896 1014 902 1014]
line-19 [196 811 205 811]
line-20 [530 1097 539 1094]
line-21 [45 1075 118 1075]
line-22 [64 819 74 819]
line-23 [631 1061 650 1055]
line-24 [182 1077 192 1077]
line-25 [945 1008 962 1007]
line-26 [754 809 760 809]
line-27 [253 811 260 811]
line-28 [999 1008 1005 1008]
line-29 [684 1044 689 1043]
line-30 [322 1089 348 1089]
line-31 [24 1075 31 1075]
line-32 [779 1020 791 1018]
line-33 [172 813 177 813]
line-34 [347 1081 362 1081]
line-35 [547 934 562 927]
line-36 [353 1067 373 1067]
line-37 [463 809 494 809]
line-38 [776 807 782 807]
line-39 [9 1082 35 1082]
line-40 [160 813 166 813]
line-41 [481 1119 506 1107]
line-42 [990 1004 995 1004]
line-43 [144 1070 184 1070]
line-44 [446 806 453 806]
line-45 [399 808 411 808]
line-46 [1022 1004 1030 1004]
line-47 [737 1030 746 1028]
line-48 [793 807 798 807]
line-49 [87 1069 143 1069]
line-50 [84 815 93 815]
line-51 [1058 999 1068 999]
line-52 [877 812 886 812]
line-53 [930 1010 935 1010]
line-54 [348 1074 369 1074]
line-55 [11 824 22 824]
line-56 [990 1009 998 1009]
line-57 [698 1040 703 1039]
line-58 [119 1076 157 1076]
line-59 [14 819 28 819]
line-60 [55 824 66 824]
line-61 [728 1032 735 1031]
line-62 [93 816 102 816]
line-63 [277 1088 321 1088]
line-64 [611 1068 630 1062]
line-65 [803 809 808 809]
line-66 [750 812 760 812]
line-67 [804 1015 820 1012]
line-68 [818 807 829 807]
line-69 [923 1011 928 1011]
line-70 [193 1077 214 1077]
line-71 [183 811 192 811]
line-72 [341 809 349 809]
line-73 [356 807 361 807]
line-74 [339 1081 346 1081]
line-75 [522 1100 528 1098]
line-76 [761 811 767 811]
line-77 [809 808 814 808]
line-78 [936 1009 944 1009]
line-79 [565 925 573 922]
line-80 [166 1077 176 1077]
line-81 [303 1080 333 1080]
line-82 [507 1106 516 1103]
line-83 [1073 999 1079 999]
line-84 [1025 824 1032 824]
line-85 [558 1087 564 1085]
line-86 [32 1074 44 1074]
line-87 [322 808 330 808]
line-88 [521 1098 528 1096]
line-89 [552 1089 557 1087]
line-90 [996 1003 1002 1003]
line-91 [169 1063 193 1063]
line-92 [911 1012 916 1012]
line-93 [973 1005 982 1005]
line-94 [667 1049 675 1047]
line-95 [2 1074 23 1074]
line-96 [536 942 543 936]
line-97 [524 951 534 942]
line-98 [830 806 835 806]
line-99 [909 819 917 819]
line-100 [604 911 610 910]
line-101 [295 811 300 811]
