line-0 [0 819 5 819]
line-1 [430 807 436 807]
line-2 [118 1084 158 1084]
line-3 [241 1078 269 1078]
line-4 [355 807 361 807]
line-5 [98 1069 105 1069]
line-6 [80 1062 108 1062]
line-7 [679 1045 685 1044]
line-8 [975 1005 981 1005]
line-9 [607 1069 620 1065]
line-10 [21 819 33 819]
line-11 [183 811 193 811]
line-12 [458 808 463 808]
line-13 [901 1013 908 1013]
line-14 [1007 1002 1014 1002]
line-15 [235 810 253 810]
line-16 [49 1075 77 1075]
line-17 [382 808 389 808]
line-18 [36 1082 53 1082]
line-19 [1039 1000 1049 1000]
line-20 [48 1068 93 1068]
line-21 [491 1113 506 1107]
line-22 [770 1022 789 1018]
line-23 [729 1032 746 1028]
line-24 [352 1081 363 1081]
line-25 [138 1076 156 1076]
line-26 [400 808 410 808]
line-27 [53 819 61 819]
line-28 [810 808 818 808]
line-29 [352 1074 368 1074]
line-30 [1051 999 1056 999]
line-31 [919 1011 925 1011]
line-32 [627 1062 634 1060]
line-33 [290 1079 304 1079]
line-34 [412 806 422 806]
line-35 [332 808 341 808]
line-36 [1026 824 1031 824]
line-37 [158 1070 169 1070]
line-38 [54 1083 108 1083]
line-39 [123 1062 168 1062]
line-40 [1023 1004 1031 1004]
line-41 [446 806 453 806]
line-42 [568 1083 585 1077]
line-43 [927 1010 951 1008]
line-44 [362 808 369 808]
line-45 [12 824 21 824]
line-46 [1029 1001 1035 1001]
line-47 [305 810 310 810]
line-48 [911 1012 918 1012]
line-49 [550 1090 558 1087]
line-50 [101 1075 117 1075]
line-51 [344 1081 351 1081]
line-52 [254 811 260 811]
line-53 [55 826 69 826]
line-54 [463 970 470 967]
line-55 [124 1069 148 1069]
line-56 [686 1043 691 1042]
line-57 [206 812 211 812]
line-58 [82 815 94 815]
line-59 [634 799 640 799]
line-60 [277 810 287 810]
line-61 [109 1069 123 1069]
line-62 [15 1082 29 1082]
line-63 [534 942 546 935]
line-64 [0 1074 46 1074]
line-65 [307 1080 343 1080]
line-66 [930 815 939 815]
line-67 [1032 823 1038 823]
line-68 [776 807 781 807]
line-69 [566 925 577 920]
line-70 [917 818 925 818]
line-71 [880 811 888 811]
line-72 [1062 999 1079 999]
line-73 [173 813 182 812]
line-74 [546 934 553 931]
line-75 [708 1037 713 1036]
line-76 [793 807 803 808]
line-77 [356 1066 361 1066]
line-78 [94 816 102 816]
line-79 [371 806 376 806]
line-80 [79 1075 100 1075]
line-81 [346 808 354 808]
line-82 [496 957 501 956]
line-83 [757 1025 763 1024]
line-84 [621 1065 626 1063]
line-85 [56 1061 79 1061]
line-86 [55 824 65 824]
line-87 [271 809 276 809]
line-88 [484 1117 491 1114]
line-89 [641 800 646 800]
line-90 [334 1073 351 1073]
line-91 [1039 1004 1045 1004]
line-92 [424 808 429 808]
line-93 [480 962 488 959]
line-94 [64 819 74 819]
line-95 [617 802 622 802]
line-96 [1000 1006 1005 1006]
line-97 [889 1015 897 1014]
line-98 [596 1073 605 1070]
line-99 [764 811 771 811]
line-100 [343 1066 353 1066]
line-101 [989 1009 1011 1007]
line-102 [226 810 232 810]
line-103 [278 1078 284 1078]
line-104 [33 818 39 818]
line-105 [554 930 559 928]
line-106 [955 1007 961 1007]
line-107 [910 819 917 819]
line-108 [982 1004 994 1004]
