line-0 [57 1083 109 1083]
line-1 [237 1078 285 1078]
line-2 [153 1070 185 1070]
line-3 [921 1011 927 1011]
line-4 [236 810 242 810]
line-5 [97 1062 179 1062]
line-6 [353 1081 361 1081]
line-7 [354 807 362 807]
line-8 [546 1091 561 1086]
line-9 [325 1089 352 1089]
line-10 [53 1075 133 1075]
line-11 [794 1017 814 1013]
line-12 [363 808 369 808]
line-13 [183 1063 192 1063]
line-14 [147 1084 165 1084]
line-15 [334 1073 342 1073]
line-16 [271 809 276 809]
line-17 [332 808 341 808]
line-18 [946 1008 954 1008]
line-19 [117 1069 152 1069]
line-20 [503 1108 511 1105]
line-21 [630 903 636 902]
line-22 [47 1068 100 1068]
line-23 [779 1020 786 1019]
line-24 [208 1086 244 1086]
line-25 [989 1009 995 1009]
line-26 [276 810 283 810]
line-27 [722 1034 727 1033]
line-28 [793 807 802 807]
line-29 [709 1037 714 1036]
line-30 [903 1013 910 1013]
line-31 [138 1076 156 1076]
line-32 [200 1077 210 1077]
line-33 [346 808 353 808]
line-34 [698 1040 703 1039]
line-35 [587 1076 607 1069]
line-36 [483 809 493 809]
line-37 [176 812 182 812]
line-38 [631 1061 641 1058]
line-39 [245 1086 261 1086]
line-40 [1039 1004 1046 1004]
line-41 [183 811 205 811]
line-42 [16 1082 56 1082]
line-43 [355 1074 367 1074]
line-44 [996 1003 1009 1003]
line-45 [459 808 482 808]
line-46 [1001 1008 1014 1006]
line-47 [1068 999 1078 999]
line-48 [116 1084 146 1084]
line-49 [550 932 555 929]
line-50 [676 1046 682 1045]
line-51 [166 1085 207 1085]
line-52 [18 1074 32 1074]
line-53 [634 799 641 799]
line-54 [32 818 46 818]
line-55 [895 1014 901 1014]
line-56 [0 1074 17 1074]
line-57 [288 1088 320 1088]
line-58 [965 1006 972 1006]
line-59 [555 930 562 926]
line-60 [62 1061 96 1061]
line-61 [603 911 609 910]
line-62 [733 1031 746 1028]
line-63 [305 810 313 810]
line-64 [336 1066 363 1066]
line-65 [484 1117 497 1111]
line-66 [807 808 817 808]
line-67 [751 812 762 812]
line-68 [1054 999 1060 999]
line-69 [492 813 497 813]
line-70 [973 1005 983 1005]
line-71 [264 811 269 811]
line-72 [321 1080 327 1080]
line-73 [173 1077 191 1077]
line-74 [911 819 917 819]
line-75 [528 946 536 941]
line-76 [94 816 101 816]
line-77 [1062 819 1067 819]
line-78 [515 1103 521 1101]
line-79 [272 1087 278 1087]
line-80 [567 1084 572 1082]
line-81 [917 818 924 818]
line-82 [206 812 211 812]
line-83 [1047 1000 1052 1000]
line-84 [750 814 764 814]
line-85 [540 938 548 933]
line-86 [447 806 453 806]
line-87 [750 809 755 809]
line-88 [22 819 32 819]
line-89 [1055 820 1061 820]
line-90 [312 1080 320 1080]
line-91 [286 1079 311 1079]
line-92 [613 1067 621 1065]
line-93 [253 811 260 811]
line-94 [984 1004 995 1004]
line-95 [538 1094 545 1092]
line-96 [55 824 72 824]
line-97 [106 1069 116 1069]
line-98 [227 810 232 810]
line-99 [371 806 377 806]
line-100 [211 1077 225 1077]
line-101 [879 811 888 811]
line-102 [776 807 781 807]
line-103 [581 918 588 916]
line-104 [744 809 749 809]
line-105 [632 795 637 795]
line-106 [1022 1004 1030 1004]
line-107 [955 1007 964 1007]
line-108 [817 1012 825 1011]
line-109 [0 1081 15 1081]
