line-0 [84 1075 140 1075]
line-1 [231 1086 269 1086]
line-2 [336 1066 370 1066]
line-3 [241 1078 269 1078]
line-4 [96 1068 114 1068]
line-5 [1037 1001 1044 1001]
line-6 [255 811 268 811]
line-7 [22 1082 73 1082]
line-8 [678 1046 686 1044]
line-9 [5 1074 76 1074]
line-10 [460 808 491 808]
line-11 [572 1082 578 1080]
line-12 [936 948 945 948]
line-13 [99 1061 106 1061]
line-14 [298 1079 312 1079]
line-15 [47 1068 75 1068]
line-16 [951 1008 956 1008]
line-17 [182 1077 236 1077]
line-18 [100 815 106 815]
line-19 [277 810 282 810]
line-20 [506 1107 517 1103]
line-21 [1052 959 1057 959]
line-22 [346 808 353 808]
line-23 [279 1078 287 1078]
line-24 [597 1073 614 1067]
line-25 [1032 957 1037 957]
line-26 [86 814 91 814]
line-27 [187 811 196 811]
line-28 [107 1062 192 1062]
line-29 [173 1085 210 1085]
line-30 [231 809 236 809]
line-31 [921 1011 926 1011]
line-32 [301 1088 338 1088]
line-33 [118 1069 174 1069]
line-34 [52 824 64 824]
line-35 [692 1042 697 1041]
line-36 [335 808 342 808]
line-37 [5 820 10 820]
line-38 [86 1083 96 1083]
line-39 [333 1073 360 1073]
line-40 [794 807 802 807]
line-41 [123 1084 172 1084]
line-42 [957 1007 967 1007]
line-43 [893 945 903 945]
line-44 [147 1076 175 1076]
line-45 [241 809 249 809]
line-46 [754 1026 760 1025]
line-47 [1057 1000 1073 999]
line-48 [746 1028 753 1027]
line-49 [54 1061 94 1061]
line-50 [640 1058 654 1054]
line-51 [15 818 21 818]
line-52 [634 799 642 799]
line-53 [1055 820 1060 820]
line-54 [1018 1004 1029 1004]
line-55 [411 806 422 806]
line-56 [566 924 573 921]
line-57 [487 1116 494 1113]
line-58 [354 807 363 807]
line-59 [522 1098 531 1095]
line-60 [993 1009 999 1009]
line-61 [974 951 985 952]
line-62 [306 810 313 810]
line-63 [22 819 31 819]
line-64 [564 1085 571 1083]
line-65 [447 806 454 806]
line-66 [549 932 565 925]
line-67 [933 815 939 815]
line-68 [904 945 927 947]
line-69 [981 1005 987 1005]
line-70 [175 812 181 812]
line-71 [633 795 638 795]
line-72 [890 1015 912 1013]
line-73 [707 1038 719 1035]
line-74 [536 1095 548 1091]
line-75 [166 809 171 809]
line-76 [1015 955 1031 956]
line-77 [369 806 377 806]
line-78 [11 823 20 823]
line-79 [622 1064 627 1063]
line-80 [97 1083 122 1083]
line-81 [908 818 913 818]
line-82 [270 1087 300 1087]
line-83 [786 804 791 804]
line-84 [339 1089 346 1089]
line-85 [522 1095 528 1093]
line-86 [318 1080 353 1080]
line-87 [764 1024 769 1023]
line-88 [579 919 587 916]
line-89 [743 809 754 809]
line-90 [401 808 408 808]
line-91 [655 1053 660 1052]
line-92 [1007 954 1014 954]
line-93 [36 818 45 818]
line-94 [1038 1004 1047 1004]
line-95 [0 1081 17 1081]
line-96 [775 807 781 807]
line-97 [931 1010 936 1010]
line-98 [521 952 537 939]
line-99 [988 1004 998 1004]
line-100 [518 1102 524 1100]
line-101 [94 816 99 816]
line-102 [951 949 956 949]
line-103 [74 1083 85 1083]
line-104 [579 1079 587 1077]
line-105 [535 942 545 934]
line-106 [968 1006 975 1006]
line-107 [1001 1003 1011 1003]
line-108 [1002 1008 1007 1008]
line-109 [1073 1003 1079 1003]
