line-0 [80 1075 117 1075]
line-1 [132 1084 174 1084]
line-2 [115 1062 192 1062]
line-3 [78 1068 120 1068]
line-4 [529 1098 538 1095]
line-5 [321 1080 347 1080]
line-6 [256 1078 297 1078]
line-7 [977 1005 985 1005]
line-8 [234 809 250 809]
line-9 [632 1061 654 1054]
line-10 [121 1069 184 1069]
line-11 [175 1085 229 1085]
line-12 [460 808 493 808]
line-13 [898 1014 904 1014]
line-14 [187 1077 248 1077]
line-15 [12 1074 79 1074]
line-16 [731 1032 749 1028]
line-17 [906 1013 911 1013]
line-18 [86 814 92 814]
line-19 [170 812 180 812]
line-20 [336 808 352 808]
line-21 [991 1004 1012 1003]
line-22 [570 1083 576 1081]
line-23 [304 1088 328 1088]
line-24 [53 1061 93 1061]
line-25 [633 795 638 795]
line-26 [1034 1001 1042 1001]
line-27 [258 1086 268 1086]
line-28 [1067 820 1076 820]
line-29 [77 1083 126 1083]
line-30 [391 805 396 805]
line-31 [146 1076 186 1076]
line-32 [18 1082 76 1082]
line-33 [534 941 544 935]
line-34 [775 807 780 807]
line-35 [617 1066 625 1064]
line-36 [244 1086 252 1086]
line-37 [306 810 312 810]
line-38 [793 807 802 807]
line-39 [1012 819 1017 819]
line-40 [669 1049 675 1047]
line-41 [353 807 363 807]
line-42 [300 1079 306 1079]
line-43 [575 920 583 917]
line-44 [204 811 211 811]
line-45 [369 806 377 806]
line-46 [526 1097 531 1095]
line-47 [678 1046 683 1045]
line-48 [333 1073 362 1073]
line-49 [597 1073 602 1072]
line-50 [993 1009 1000 1009]
line-51 [37 818 44 818]
line-52 [1059 819 1067 819]
line-53 [312 1079 320 1079]
line-54 [558 1088 563 1086]
line-55 [1074 1003 1079 1003]
line-56 [812 808 817 808]
line-57 [948 1008 956 1008]
line-58 [545 934 570 922]
line-59 [753 812 763 812]
line-60 [345 1089 353 1089]
line-61 [127 1075 135 1075]
line-62 [1073 999 1079 999]
line-63 [513 1104 518 1103]
line-64 [1022 823 1038 823]
line-65 [13 818 21 818]
line-66 [743 809 754 809]
line-67 [707 1038 712 1037]
line-68 [634 799 644 799]
line-69 [862 1005 874 1005]
line-70 [773 1022 784 1020]
line-71 [819 806 825 806]
line-72 [187 811 195 811]
line-73 [11 824 21 823]
line-74 [291 810 300 810]
line-75 [493 1113 498 1111]
line-76 [333 1088 341 1088]
line-77 [51 824 63 824]
line-78 [1051 1000 1059 1000]
line-79 [690 1043 697 1041]
line-80 [160 812 165 812]
line-81 [1003 1006 1008 1006]
line-82 [94 1061 114 1061]
line-83 [347 1066 373 1067]
line-84 [45 1068 72 1068]
line-85 [504 1108 512 1105]
line-86 [877 811 886 811]
line-87 [957 1007 967 1007]
line-88 [99 815 105 815]
line-89 [235 1086 243 1086]
line-90 [802 808 808 808]
line-91 [586 1077 593 1075]
line-92 [273 1087 303 1087]
line-93 [564 1085 569 1084]
line-94 [223 809 228 809]
line-95 [358 1081 364 1081]
line-96 [968 1006 976 1006]
line-97 [939 1009 947 1009]
line-98 [400 808 407 808]
line-99 [5 1081 17 1081]
line-100 [932 1010 938 1010]
line-101 [655 1054 668 1049]
line-102 [526 948 533 942]
