line-0 [127 1084 171 1084]
line-1 [146 1076 183 1076]
line-2 [1037 1020 1045 1020]
line-3 [979 1005 997 1004]
line-4 [148 1062 192 1062]
line-5 [692 1042 697 1041]
line-6 [345 1080 355 1080]
line-7 [119 1069 174 1069]
line-8 [288 1087 302 1087]
line-9 [320 1080 338 1080]
line-10 [524 1100 530 1098]
line-11 [637 1059 651 1055]
line-12 [1024 1021 1033 1021]
line-13 [45 1068 118 1068]
line-14 [767 1023 774 1022]
line-15 [53 1074 71 1074]
line-16 [271 1087 287 1087]
line-17 [333 1073 350 1073]
line-18 [184 1077 242 1077]
line-19 [29 1082 72 1082]
line-20 [73 1083 109 1083]
line-21 [124 1062 147 1062]
line-22 [108 1061 114 1061]
line-23 [941 1028 946 1028]
line-24 [77 1075 142 1075]
line-25 [751 1027 757 1026]
line-26 [948 1008 978 1005]
line-27 [622 794 628 794]
line-28 [246 1078 295 1078]
line-29 [707 1038 712 1037]
line-30 [172 1085 222 1085]
line-31 [1003 1022 1008 1022]
line-32 [482 1119 500 1110]
line-33 [4 820 10 820]
line-34 [995 1009 1000 1009]
line-35 [531 1097 540 1094]
line-36 [685 1044 691 1042]
line-37 [608 1069 622 1065]
line-38 [37 818 44 818]
line-39 [953 1027 958 1027]
line-40 [1001 1008 1006 1008]
line-41 [305 1079 313 1079]
line-42 [303 1088 342 1088]
line-43 [819 806 825 806]
line-44 [502 1109 512 1105]
line-45 [1032 1001 1044 1001]
line-46 [53 1061 106 1061]
line-47 [793 807 809 808]
line-48 [13 818 21 818]
line-49 [227 1086 270 1086]
line-50 [994 1023 1002 1023]
line-51 [1019 1004 1026 1004]
line-52 [339 1066 370 1066]
line-53 [891 1015 896 1015]
line-54 [1039 1004 1047 1004]
line-55 [567 1084 573 1082]
line-56 [930 1010 938 1010]
line-57 [9 1074 52 1074]
line-58 [459 1115 464 1114]
line-59 [174 812 180 812]
line-60 [781 1020 788 1019]
line-61 [735 1031 740 1030]
line-62 [1047 1019 1060 1019]
line-63 [0 1081 15 1081]
line-64 [1046 1000 1068 1000]
line-65 [811 808 817 808]
line-66 [22 819 29 819]
line-67 [160 812 165 812]
line-68 [1061 1004 1066 1004]
line-69 [970 1025 986 1024]
line-70 [659 1052 668 1049]
line-71 [516 1103 522 1101]
line-72 [1073 1003 1079 1003]
line-73 [634 799 643 799]
line-74 [750 812 764 812]
line-75 [923 1011 929 1011]
line-76 [93 816 98 816]
line-77 [785 804 790 804]
line-78 [652 1054 658 1052]
line-79 [673 799 678 799]
line-80 [355 1073 360 1073]
line-81 [86 814 91 814]
line-82 [868 1005 875 1005]
line-83 [99 815 106 815]
line-84 [0 1073 8 1073]
