line-0 [134 1076 169 1076]
line-1 [1060 999 1069 999]
line-2 [333 1073 339 1073]
line-3 [913 1012 919 1012]
line-4 [122 1084 163 1084]
line-5 [56 1075 96 1075]
line-6 [267 1078 287 1078]
line-7 [267 1087 287 1087]
line-8 [399 808 409 808]
line-9 [54 1061 90 1061]
line-10 [186 811 205 811]
line-11 [556 1088 573 1082]
line-12 [956 1007 964 1007]
line-13 [47 1068 107 1068]
line-14 [31 818 44 818]
line-15 [629 1062 650 1055]
line-16 [939 1009 945 1009]
line-17 [722 1034 728 1033]
line-18 [57 1083 75 1083]
line-19 [245 810 252 810]
line-20 [102 1062 186 1062]
line-21 [346 808 353 808]
line-22 [112 1069 126 1069]
line-23 [622 794 628 794]
line-24 [244 1078 266 1078]
line-25 [1070 999 1077 999]
line-26 [0 1074 55 1074]
line-27 [411 806 421 806]
line-28 [742 1029 747 1028]
line-29 [224 1086 232 1086]
line-30 [89 1083 107 1083]
line-31 [488 1115 496 1112]
line-32 [446 806 453 806]
line-33 [177 1077 227 1077]
line-34 [1006 819 1015 819]
line-35 [506 1107 524 1100]
line-36 [793 807 801 807]
line-37 [732 1032 740 1030]
line-38 [305 810 313 810]
line-39 [331 808 342 808]
line-40 [974 1005 979 1005]
line-41 [681 1045 686 1044]
line-42 [295 1088 303 1088]
line-43 [592 1075 607 1070]
line-44 [458 808 485 808]
line-45 [349 1081 364 1081]
line-46 [811 808 817 808]
line-47 [304 1088 327 1088]
line-48 [100 815 105 815]
line-49 [346 1066 354 1066]
line-50 [211 1086 219 1086]
line-51 [144 1069 159 1069]
line-52 [122 1075 133 1075]
line-53 [486 809 492 809]
line-54 [340 1089 348 1089]
line-55 [991 1009 999 1009]
line-56 [634 799 641 799]
line-57 [15 1082 56 1082]
line-58 [285 810 295 810]
line-59 [191 1085 208 1085]
line-60 [291 1079 299 1079]
line-61 [946 1008 954 1008]
line-62 [313 1080 321 1080]
line-63 [363 808 368 808]
line-64 [15 818 20 818]
line-65 [889 1015 903 1014]
line-66 [577 1080 586 1077]
line-67 [713 1036 718 1035]
line-68 [1039 1004 1047 1004]
line-69 [354 807 362 807]
line-70 [1034 1001 1043 1001]
line-71 [241 1086 249 1086]
line-72 [52 819 61 819]
line-73 [166 1085 174 1085]
line-74 [751 812 760 812]
line-75 [250 1086 256 1086]
line-76 [270 809 275 809]
line-77 [999 1003 1012 1003]
line-78 [263 811 268 811]
line-79 [253 811 261 811]
line-80 [671 1048 676 1047]
line-81 [160 1070 183 1070]
line-82 [1030 823 1038 824]
line-83 [694 1041 699 1040]
line-84 [774 1022 783 1020]
line-85 [482 1119 487 1117]
line-86 [930 1010 936 1010]
line-87 [360 1074 370 1073]
line-88 [53 824 63 824]
line-89 [329 1089 335 1089]
line-90 [80 815 87 815]
line-91 [314 809 320 809]
line-92 [207 811 212 811]
line-93 [340 1073 356 1073]
line-94 [1073 1003 1079 1003]
line-95 [1018 1004 1030 1004]
line-96 [21 819 30 819]
line-97 [775 807 780 807]
line-98 [134 1069 143 1069]
line-99 [370 806 377 806]
line-100 [335 1066 345 1066]
line-101 [97 1075 116 1075]
line-102 [333 1080 343 1080]
line-103 [762 811 770 811]
line-104 [980 1005 985 1005]
line-105 [1022 823 1028 823]
line-106 [180 1085 188 1085]
line-107 [548 1091 553 1089]
line-108 [622 1064 628 1063]
line-109 [916 818 923 818]
line-110 [879 811 887 811]
line-111 [175 812 181 812]
line-112 [235 810 240 810]
