line-0 [126 1084 164 1084]
line-1 [134 1076 169 1076]
line-2 [58 1075 102 1075]
line-3 [1002 1003 1010 1003]
line-4 [311 1080 326 1080]
line-5 [347 808 353 808]
line-6 [929 1010 936 1010]
line-7 [332 808 342 808]
line-8 [66 1061 104 1061]
line-9 [267 1087 288 1087]
line-10 [506 1107 514 1104]
line-11 [0 1074 57 1074]
line-12 [93 1083 117 1083]
line-13 [479 809 493 809]
line-14 [588 1076 603 1071]
line-15 [42 1082 62 1082]
line-16 [305 810 313 810]
line-17 [105 1062 188 1062]
line-18 [121 1069 139 1069]
line-19 [794 807 802 807]
line-20 [33 818 45 818]
line-21 [16 818 21 818]
line-22 [215 1086 266 1086]
line-23 [978 1005 983 1005]
line-24 [354 807 362 807]
line-25 [295 1088 303 1088]
line-26 [276 810 289 810]
line-27 [347 1081 363 1081]
line-28 [0 1081 11 1081]
line-29 [641 800 647 800]
line-30 [176 1077 205 1077]
line-31 [47 1068 107 1068]
line-32 [336 1066 366 1066]
line-33 [209 1086 214 1086]
line-34 [228 1078 289 1078]
line-35 [140 1069 162 1069]
line-36 [182 811 206 811]
line-37 [544 1092 559 1087]
line-38 [671 1048 676 1047]
line-39 [750 812 760 812]
line-40 [548 933 565 925]
line-41 [458 808 478 808]
line-42 [772 1022 782 1020]
line-43 [371 806 376 806]
line-44 [608 907 616 906]
line-45 [992 1009 1006 1008]
line-46 [176 812 181 812]
line-47 [166 1085 194 1085]
line-48 [714 1036 723 1034]
line-49 [382 808 387 808]
line-50 [986 1004 994 1004]
line-51 [617 1066 623 1064]
line-52 [634 799 640 799]
line-53 [363 808 368 808]
line-54 [955 1007 965 1007]
line-55 [411 806 422 806]
line-56 [624 906 632 905]
line-57 [776 807 781 807]
line-58 [63 1083 92 1083]
line-59 [244 810 252 810]
line-60 [206 1077 223 1077]
line-61 [630 903 636 902]
line-62 [200 1085 208 1085]
line-63 [22 819 32 819]
line-64 [560 1086 565 1085]
line-65 [399 808 410 808]
line-66 [634 1060 641 1058]
line-67 [112 1075 122 1075]
line-68 [446 806 453 806]
line-69 [700 1040 707 1038]
line-70 [939 1009 944 1009]
line-71 [745 809 755 809]
line-72 [808 808 818 808]
line-73 [1061 999 1071 999]
line-74 [168 1070 183 1070]
line-75 [592 914 597 913]
line-76 [531 1097 537 1095]
line-77 [527 947 546 934]
line-78 [607 910 612 909]
line-79 [642 1057 647 1056]
line-80 [652 1054 660 1052]
line-81 [1072 999 1077 999]
line-82 [253 811 260 811]
line-83 [332 1089 353 1089]
line-84 [685 1044 695 1041]
line-85 [8 820 13 820]
line-86 [52 824 63 824]
line-87 [896 1014 919 1012]
line-88 [289 1088 294 1088]
line-89 [357 1074 368 1074]
line-90 [290 1079 310 1079]
line-91 [81 815 94 815]
line-92 [23 1082 33 1082]
line-93 [487 1116 496 1112]
line-94 [632 795 637 795]
line-95 [854 1006 860 1005]
line-96 [1039 1004 1046 1004]
line-97 [909 819 917 819]
line-98 [566 924 572 922]
line-99 [584 913 589 912]
line-100 [523 1100 530 1098]
line-101 [320 808 325 808]
line-102 [333 1073 356 1073]
line-103 [67 818 72 818]
line-104 [966 1006 974 1006]
line-105 [1007 1007 1012 1007]
line-106 [945 1008 954 1008]
line-107 [613 909 618 908]
line-108 [722 793 728 793]
line-109 [320 1088 331 1088]
line-110 [616 802 621 802]
