line-0 [242 1078 284 1078]
line-1 [78 1083 115 1083]
line-2 [516 1103 537 1095]
line-3 [211 1086 247 1086]
line-4 [780 1020 792 1018]
line-5 [346 808 353 808]
line-6 [623 1064 630 1062]
line-7 [181 1063 191 1063]
line-8 [370 806 375 806]
line-9 [320 808 325 808]
line-10 [956 1007 964 1007]
line-11 [721 1034 732 1032]
line-12 [332 808 342 808]
line-13 [913 1012 944 1009]
line-14 [634 799 641 799]
line-15 [558 1087 575 1081]
line-16 [97 1062 180 1062]
line-17 [172 1077 192 1077]
line-18 [155 1070 183 1070]
line-19 [176 812 181 812]
line-20 [576 1080 586 1077]
line-21 [616 802 621 802]
line-22 [0 1074 51 1074]
line-23 [0 1081 7 1081]
line-24 [354 807 361 807]
line-25 [47 1068 105 1068]
line-26 [52 1075 127 1075]
line-27 [631 1061 638 1059]
line-28 [1044 1000 1053 1000]
line-29 [186 811 212 811]
line-30 [305 810 313 810]
line-31 [80 815 87 815]
line-32 [646 1056 658 1052]
line-33 [569 923 574 921]
line-34 [823 1011 828 1010]
line-35 [122 1084 164 1084]
line-36 [833 1009 844 1007]
line-37 [1067 999 1079 999]
line-38 [465 808 485 808]
line-39 [538 939 560 927]
line-40 [314 809 320 809]
line-41 [106 1069 154 1069]
line-42 [128 1076 171 1076]
line-43 [916 818 924 818]
line-44 [857 1005 875 1005]
line-45 [793 807 802 807]
line-46 [60 1083 77 1083]
line-47 [275 810 294 810]
line-48 [165 1085 203 1085]
line-49 [1006 819 1015 819]
line-50 [737 1030 745 1028]
line-51 [742 809 754 809]
line-52 [14 1082 54 1082]
line-53 [445 806 453 806]
line-54 [21 819 45 818]
line-55 [761 811 767 811]
line-56 [593 1074 605 1070]
line-57 [984 1004 996 1004]
line-58 [411 806 421 806]
line-59 [222 809 227 809]
line-60 [494 1113 499 1110]
line-61 [1001 1006 1006 1006]
line-62 [235 810 240 810]
line-63 [55 1061 90 1061]
line-64 [52 824 64 824]
line-65 [806 808 817 808]
line-66 [1072 1003 1079 1003]
line-67 [896 1014 903 1014]
line-68 [527 947 533 943]
line-69 [399 808 409 808]
line-70 [671 1048 676 1047]
line-71 [775 807 781 807]
line-72 [209 1077 223 1077]
line-73 [706 1038 716 1036]
line-74 [1007 1007 1012 1007]
line-75 [966 1006 974 1006]
line-76 [610 1069 618 1066]
line-77 [997 1003 1011 1003]
line-78 [990 1009 996 1009]
line-79 [93 816 100 816]
line-80 [51 819 61 819]
line-81 [642 800 648 800]
line-82 [975 1005 983 1005]
line-83 [544 1092 551 1090]
line-84 [194 1077 204 1077]
line-85 [1055 999 1063 999]
line-86 [486 809 492 809]
line-87 [253 811 260 811]
line-88 [750 812 760 812]
line-89 [270 809 275 809]
line-90 [1000 1008 1006 1008]
line-91 [522 1096 527 1093]
