line-0 [266 1087 285 1087]
line-1 [160 1070 183 1070]
line-2 [58 1083 112 1083]
line-3 [174 1077 225 1077]
line-4 [503 1108 517 1103]
line-5 [1069 999 1079 999]
line-6 [333 1073 340 1073]
line-7 [244 810 253 810]
line-8 [611 1068 624 1064]
line-9 [315 1080 343 1080]
line-10 [276 810 289 810]
line-11 [702 1039 723 1034]
line-12 [104 1062 156 1062]
line-13 [47 1068 106 1068]
line-14 [286 1088 326 1088]
line-15 [458 808 472 808]
line-16 [956 1007 964 1007]
line-17 [182 811 205 811]
line-18 [142 1084 160 1084]
line-19 [446 806 453 806]
line-20 [370 806 375 806]
line-21 [54 1061 98 1061]
line-22 [208 1086 263 1086]
line-23 [776 807 781 807]
line-24 [3 1074 54 1074]
line-25 [346 1066 354 1066]
line-26 [411 806 421 806]
line-27 [55 1075 128 1075]
line-28 [382 808 387 808]
line-29 [226 1078 288 1078]
line-30 [107 1069 159 1069]
line-31 [807 808 817 808]
line-32 [354 807 362 807]
line-33 [582 1078 603 1071]
line-34 [592 914 597 913]
line-35 [929 815 937 815]
line-36 [327 1089 333 1089]
line-37 [767 1023 773 1022]
line-38 [976 1005 984 1005]
line-39 [606 910 617 908]
line-40 [520 1101 529 1098]
line-41 [52 824 62 824]
line-42 [336 1066 345 1066]
line-43 [253 811 260 811]
line-44 [164 1085 207 1085]
line-45 [363 808 368 808]
line-46 [347 808 353 808]
line-47 [909 819 917 819]
line-48 [898 1014 903 1014]
line-49 [1033 1001 1038 1001]
line-50 [129 1076 169 1076]
line-51 [32 818 41 818]
line-52 [793 807 802 807]
line-53 [985 1004 996 1004]
line-54 [754 1026 759 1025]
line-55 [157 1062 186 1062]
line-56 [1024 1004 1029 1004]
line-57 [938 1009 951 1008]
line-58 [399 808 409 808]
line-59 [528 946 553 930]
line-60 [634 799 641 799]
line-61 [549 1090 556 1088]
line-62 [16 1082 55 1082]
line-63 [581 918 586 917]
line-64 [345 1081 363 1081]
line-65 [305 810 313 810]
line-66 [574 1081 581 1079]
line-67 [562 926 572 922]
line-68 [719 793 728 793]
line-69 [889 1015 897 1014]
line-70 [724 1034 731 1032]
line-71 [999 1008 1006 1008]
line-72 [880 811 888 811]
line-73 [762 811 771 811]
line-74 [332 808 342 808]
line-75 [21 819 31 819]
line-76 [785 1019 792 1018]
line-77 [982 819 990 819]
line-78 [264 811 269 811]
line-79 [490 1114 496 1112]
line-80 [1018 1004 1023 1004]
line-81 [997 1003 1009 1003]
line-82 [81 815 86 815]
line-83 [644 902 654 901]
line-84 [670 1049 681 1045]
line-85 [356 1074 366 1074]
line-86 [912 1012 919 1012]
line-87 [334 1089 352 1089]
line-88 [88 815 94 815]
line-89 [289 1079 297 1079]
line-90 [483 1118 488 1116]
line-91 [94 816 100 816]
line-92 [1044 1000 1049 1000]
line-93 [176 812 181 812]
line-94 [117 1084 141 1084]
line-95 [496 1111 503 1109]
line-96 [1039 1004 1047 1004]
line-97 [616 802 621 802]
line-98 [658 1052 663 1051]
line-99 [1060 999 1066 999]
line-100 [235 810 240 810]
