line-0 [72 1075 117 1075]
line-1 [71 1083 121 1083]
line-2 [913 1012 937 1010]
line-3 [161 1062 175 1062]
line-4 [320 808 330 808]
line-5 [574 1081 583 1078]
line-6 [629 1062 638 1059]
line-7 [688 1043 693 1042]
line-8 [105 1062 141 1062]
line-9 [118 1069 152 1069]
line-10 [254 1078 282 1078]
line-11 [122 1084 159 1084]
line-12 [306 810 313 810]
line-13 [1066 999 1076 999]
line-14 [16 1074 34 1074]
line-15 [267 1087 283 1087]
line-16 [182 811 206 811]
line-17 [730 1032 740 1030]
line-18 [33 818 46 818]
line-19 [46 1068 117 1068]
line-20 [216 1086 266 1086]
line-21 [230 1078 253 1078]
line-22 [658 1052 687 1043]
line-23 [336 1066 369 1066]
line-24 [298 1079 311 1079]
line-25 [265 811 270 811]
line-26 [616 802 621 802]
line-27 [254 811 261 811]
line-28 [614 1067 623 1064]
line-29 [569 923 574 921]
line-30 [236 810 241 810]
line-31 [794 807 803 807]
line-32 [17 1082 70 1082]
line-33 [506 1107 514 1104]
line-34 [312 1088 326 1088]
line-35 [138 1076 182 1076]
line-36 [183 1077 229 1077]
line-37 [940 1009 945 1009]
line-38 [634 902 643 901]
line-39 [54 1061 104 1061]
line-40 [332 1089 356 1089]
line-41 [590 1075 598 1073]
line-42 [1055 999 1060 999]
line-43 [16 818 21 818]
line-44 [52 824 62 824]
line-45 [400 808 410 808]
line-46 [326 1080 345 1080]
line-47 [169 1085 215 1085]
line-48 [968 1006 973 1006]
line-49 [459 808 473 808]
line-50 [494 1112 504 1108]
line-51 [446 806 453 806]
line-52 [956 1007 966 1007]
line-53 [411 806 422 806]
line-54 [1044 1000 1054 1000]
line-55 [43 1074 61 1074]
line-56 [1018 1004 1028 1004]
line-57 [176 812 181 812]
line-58 [999 1008 1012 1007]
line-59 [271 809 276 809]
line-60 [546 935 558 928]
line-61 [531 1097 544 1092]
line-62 [632 795 641 796]
line-63 [276 810 283 810]
line-64 [599 912 604 911]
line-65 [620 907 626 906]
line-66 [613 906 620 905]
line-67 [354 807 362 807]
line-68 [301 1088 309 1088]
line-69 [997 1003 1010 1003]
line-70 [767 1023 774 1022]
line-71 [346 808 353 808]
line-72 [750 812 761 812]
line-73 [371 806 376 806]
line-74 [634 799 641 799]
line-75 [897 1014 903 1014]
line-76 [153 1069 164 1069]
line-77 [346 1081 363 1081]
line-78 [526 1093 531 1092]
line-79 [341 1073 358 1074]
line-80 [481 1119 490 1115]
line-81 [63 824 69 824]
line-82 [521 952 538 939]
line-83 [521 1098 530 1095]
line-84 [382 808 387 808]
line-85 [429 807 436 807]
line-86 [990 1009 998 1009]
line-87 [118 1075 133 1075]
line-88 [363 808 369 808]
line-89 [523 1100 529 1098]
line-90 [171 1070 183 1070]
line-91 [153 1062 160 1062]
line-92 [245 810 253 810]
line-93 [1039 1004 1046 1004]
line-94 [584 917 591 915]
line-95 [561 927 567 924]
line-96 [332 808 341 808]
line-97 [645 1056 650 1055]
line-98 [81 815 86 815]
line-99 [975 1005 985 1005]
line-100 [762 811 768 811]
line-101 [22 819 32 819]
line-102 [520 1096 525 1094]
line-103 [808 808 818 808]
line-104 [360 1074 367 1074]
line-105 [182 1062 188 1062]
