line-0 [189 1077 223 1077]
line-1 [182 811 205 811]
line-2 [492 1113 500 1110]
line-3 [411 806 422 806]
line-4 [362 1067 373 1067]
line-5 [203 1086 236 1086]
line-6 [156 1070 184 1070]
line-7 [0 1074 33 1074]
line-8 [668 1049 676 1047]
line-9 [767 1023 774 1022]
line-10 [166 1085 202 1085]
line-11 [97 1062 175 1062]
line-12 [332 808 342 808]
line-13 [102 1083 112 1083]
line-14 [224 1078 287 1078]
line-15 [508 1106 542 1093]
line-16 [123 1069 155 1069]
line-17 [382 808 387 808]
line-18 [54 1075 126 1075]
line-19 [352 1081 360 1081]
line-20 [243 1086 251 1086]
line-21 [276 810 282 810]
line-22 [617 1066 627 1063]
line-23 [799 1016 806 1015]
line-24 [270 809 275 809]
line-25 [945 1008 952 1008]
line-26 [722 1034 729 1033]
line-27 [308 1080 343 1080]
line-28 [305 810 313 810]
line-29 [282 1088 313 1088]
line-30 [458 808 480 808]
line-31 [446 806 453 806]
line-32 [585 1077 592 1075]
line-33 [921 1011 926 1011]
line-34 [288 1079 307 1079]
line-35 [32 818 45 818]
line-36 [939 1009 944 1009]
line-37 [47 1068 106 1068]
line-38 [569 1083 578 1080]
line-39 [399 808 409 808]
line-40 [21 1082 49 1082]
line-41 [481 809 492 809]
line-42 [738 1030 752 1027]
line-43 [331 1089 345 1089]
line-44 [652 1054 663 1051]
line-45 [858 1005 868 1005]
line-46 [183 1063 192 1063]
line-47 [370 806 375 806]
line-48 [15 818 20 818]
line-49 [966 1006 985 1005]
line-50 [21 819 31 819]
line-51 [694 1041 701 1040]
line-52 [138 1076 169 1076]
line-53 [987 1004 997 1004]
line-54 [59 824 70 824]
line-55 [819 1012 825 1011]
line-56 [1000 1008 1007 1008]
line-57 [54 1061 82 1061]
line-58 [929 815 937 815]
line-59 [114 1084 162 1084]
line-60 [1022 1004 1030 1004]
line-61 [354 807 361 807]
line-62 [532 943 540 938]
line-63 [1062 999 1072 999]
line-64 [93 816 100 816]
line-65 [346 808 353 808]
line-66 [634 799 640 799]
line-67 [252 1086 264 1086]
line-68 [34 1074 47 1074]
line-69 [599 1072 607 1070]
line-70 [253 811 260 811]
line-71 [263 811 269 811]
line-72 [88 815 93 815]
line-73 [84 1061 90 1061]
line-74 [564 925 573 921]
line-75 [340 1073 348 1073]
line-76 [775 1022 783 1020]
line-77 [897 1014 903 1014]
line-78 [58 819 67 819]
line-79 [335 1066 361 1066]
line-80 [705 1039 711 1037]
line-81 [750 812 760 812]
line-82 [55 1083 101 1083]
line-83 [48 1074 53 1074]
line-84 [574 921 579 919]
line-85 [52 819 57 819]
line-86 [788 1019 798 1017]
line-87 [547 934 553 930]
line-88 [51 824 58 824]
line-89 [641 800 646 800]
line-90 [362 808 368 808]
line-91 [880 811 887 811]
line-92 [910 819 916 819]
line-93 [484 1117 492 1114]
line-94 [333 1073 339 1073]
line-95 [956 1007 965 1007]
line-96 [488 813 496 813]
line-97 [904 1013 910 1013]
line-98 [1072 821 1079 821]
line-99 [998 1003 1008 1003]
line-100 [265 1087 276 1087]
line-101 [284 810 294 810]
line-102 [522 951 533 943]
line-103 [314 809 320 809]
line-104 [548 1091 554 1089]
line-105 [180 1077 188 1077]
line-106 [355 1074 362 1074]
line-107 [889 1015 896 1015]
