line-0 [946 1008 963 1007]
line-1 [97 1062 125 1062]
line-2 [235 810 240 810]
line-3 [276 810 293 810]
line-4 [539 1094 545 1092]
line-5 [23 1082 54 1082]
line-6 [80 1075 129 1075]
line-7 [120 1069 159 1069]
line-8 [458 808 484 808]
line-9 [1031 1001 1043 1001]
line-10 [331 808 342 808]
line-11 [180 1063 190 1063]
line-12 [188 811 212 811]
line-13 [632 1061 659 1052]
line-14 [990 1004 996 1004]
line-15 [346 808 353 808]
line-16 [132 1062 179 1062]
line-17 [790 1018 806 1015]
line-18 [720 1035 740 1030]
line-19 [47 1068 107 1068]
line-20 [572 1082 581 1079]
line-21 [0 1074 51 1074]
line-22 [1074 1003 1079 1003]
line-23 [634 799 641 799]
line-24 [485 809 492 809]
line-25 [354 807 361 807]
line-26 [55 1083 116 1083]
line-27 [595 1074 615 1067]
line-28 [542 936 550 932]
line-29 [750 812 761 812]
line-30 [1018 1004 1029 1004]
line-31 [411 806 421 806]
line-32 [487 813 496 813]
line-33 [932 1010 937 1010]
line-34 [55 1061 96 1061]
line-35 [382 808 387 808]
line-36 [117 1084 164 1084]
line-37 [1008 819 1016 819]
line-38 [516 1103 538 1094]
line-39 [555 929 566 924]
line-40 [463 970 477 964]
line-41 [336 1066 364 1066]
line-42 [160 1070 183 1070]
line-43 [55 824 70 824]
line-44 [399 808 409 808]
line-45 [130 1076 167 1076]
line-46 [1072 821 1079 821]
line-47 [807 808 817 808]
line-48 [1010 1002 1015 1002]
line-49 [314 809 320 809]
line-50 [21 819 45 818]
line-51 [370 806 375 806]
line-52 [938 1009 943 1009]
line-53 [674 1047 681 1045]
line-54 [270 809 275 809]
line-55 [913 1012 919 1012]
line-56 [67 818 72 818]
line-57 [974 1005 985 1005]
line-58 [487 1116 499 1110]
line-59 [1071 999 1079 999]
line-60 [758 1025 763 1024]
line-61 [793 807 802 807]
line-62 [561 1086 568 1084]
line-63 [51 819 66 819]
line-64 [333 1073 347 1073]
line-65 [570 922 582 918]
line-66 [709 1037 716 1036]
line-67 [447 806 453 806]
line-68 [312 826 326 826]
line-69 [879 811 887 811]
line-70 [593 914 599 912]
line-71 [170 1077 177 1077]
line-72 [80 815 87 815]
line-73 [991 1009 1007 1008]
line-74 [176 812 181 812]
line-75 [904 1013 912 1013]
line-76 [775 807 781 807]
line-77 [320 808 325 808]
line-78 [859 1005 874 1005]
line-79 [623 794 628 794]
line-80 [642 800 647 800]
line-81 [1060 819 1066 819]
line-82 [524 949 533 943]
line-83 [253 811 260 811]
line-84 [348 1073 355 1073]
line-85 [109 1069 117 1069]
line-86 [52 1075 79 1075]
