line-0 [5 1074 53 1074]
line-1 [221 1086 265 1086]
line-2 [920 1011 945 1009]
line-3 [253 811 260 811]
line-4 [572 1082 581 1079]
line-5 [32 818 46 818]
line-6 [104 1062 133 1062]
line-7 [967 1006 973 1006]
line-8 [137 1062 190 1062]
line-9 [585 1077 601 1072]
line-10 [312 1080 328 1080]
line-11 [271 809 276 809]
line-12 [808 808 818 808]
line-13 [123 1084 169 1084]
line-14 [722 1034 729 1033]
line-15 [184 1077 228 1077]
line-16 [688 1043 693 1042]
line-17 [336 1066 353 1066]
line-18 [183 811 206 811]
line-19 [305 810 313 810]
line-20 [734 1031 740 1030]
line-21 [30 1082 58 1082]
line-22 [46 1068 88 1068]
line-23 [134 1076 181 1076]
line-24 [382 808 388 808]
line-25 [136 1069 150 1069]
line-26 [347 1081 363 1081]
line-27 [66 1083 119 1083]
line-28 [354 807 362 807]
line-29 [501 1109 512 1105]
line-30 [62 1075 133 1075]
line-31 [320 808 330 808]
line-32 [54 1061 103 1061]
line-33 [640 1058 654 1054]
line-34 [1046 1000 1055 1000]
line-35 [929 815 938 815]
line-36 [229 1078 287 1078]
line-37 [759 1025 770 1023]
line-38 [52 824 62 824]
line-39 [364 1067 372 1067]
line-40 [458 808 471 808]
line-41 [292 1079 310 1079]
line-42 [642 800 647 800]
line-43 [8 820 13 820]
line-44 [776 1021 783 1020]
line-45 [329 1089 356 1089]
line-46 [180 1085 211 1085]
line-47 [776 807 782 807]
line-48 [277 810 283 810]
line-49 [997 1003 1010 1003]
line-50 [1000 1008 1007 1008]
line-51 [791 1018 798 1017]
line-52 [956 1007 966 1007]
line-53 [665 1050 682 1045]
line-54 [799 1016 813 1014]
line-55 [520 1096 526 1094]
line-56 [526 948 551 931]
line-57 [121 1069 135 1069]
line-58 [284 1087 290 1087]
line-59 [66 818 72 818]
line-60 [1039 1004 1047 1004]
line-61 [858 1005 874 1005]
line-62 [16 818 21 818]
line-63 [1009 819 1015 819]
line-64 [291 1088 318 1088]
line-65 [1031 823 1038 823]
line-66 [346 808 353 808]
line-67 [177 812 182 812]
line-68 [634 799 641 799]
line-69 [96 1068 108 1068]
line-70 [523 1100 532 1097]
line-71 [411 806 422 806]
line-72 [987 1004 996 1004]
line-73 [333 1073 357 1073]
line-74 [446 806 453 806]
line-75 [1056 999 1079 999]
line-76 [605 1070 615 1067]
line-77 [483 1118 492 1114]
line-78 [974 1005 986 1005]
line-79 [163 1070 183 1070]
line-80 [593 914 600 912]
line-81 [332 808 341 808]
line-82 [371 806 376 806]
line-83 [750 814 764 814]
line-84 [878 814 883 814]
line-85 [399 808 410 808]
line-86 [877 812 882 812]
line-87 [488 813 497 813]
line-88 [21 819 32 819]
line-89 [910 819 917 819]
line-90 [80 815 88 815]
line-91 [762 811 771 811]
line-92 [703 1039 711 1037]
line-93 [751 812 760 812]
line-94 [560 927 570 923]
line-95 [536 1095 543 1093]
line-96 [794 807 802 807]
line-97 [271 1087 277 1087]
line-98 [1012 1006 1017 1005]
line-99 [2 1081 15 1081]
line-100 [363 808 369 808]
line-101 [898 1014 910 1013]
line-102 [946 1008 955 1008]
line-103 [151 1069 162 1069]
line-104 [616 802 621 802]
