line-0 [191 1077 224 1077]
line-1 [205 1086 213 1086]
line-2 [343 1081 363 1081]
line-3 [15 1082 55 1082]
line-4 [108 1069 136 1069]
line-5 [182 811 205 811]
line-6 [399 808 409 808]
line-7 [1054 999 1061 999]
line-8 [214 1086 242 1086]
line-9 [177 1077 190 1077]
line-10 [354 807 361 807]
line-11 [758 1025 765 1024]
line-12 [336 1066 362 1066]
line-13 [347 808 353 808]
line-14 [10 1074 24 1074]
line-15 [508 1106 519 1102]
line-16 [93 816 100 816]
line-17 [225 1078 285 1078]
line-18 [53 1075 127 1075]
line-19 [574 1081 603 1071]
line-20 [706 1038 711 1037]
line-21 [642 1057 650 1055]
line-22 [98 1062 175 1062]
line-23 [984 1004 990 1004]
line-24 [324 1089 353 1089]
line-25 [122 1084 150 1084]
line-26 [276 810 294 810]
line-27 [991 1004 996 1004]
line-28 [25 1074 32 1074]
line-29 [47 1068 107 1068]
line-30 [896 1014 901 1014]
line-31 [80 815 93 815]
line-32 [531 1097 537 1095]
line-33 [684 1044 689 1043]
line-34 [729 1032 744 1029]
line-35 [251 1086 259 1086]
line-36 [305 810 313 810]
line-37 [55 1061 86 1061]
line-38 [56 1083 112 1083]
line-39 [750 812 760 812]
line-40 [139 1076 172 1076]
line-41 [630 1062 638 1059]
line-42 [955 1007 965 1007]
line-43 [634 799 641 799]
line-44 [282 1088 320 1088]
line-45 [382 808 387 808]
line-46 [411 806 421 806]
line-47 [945 1008 954 1008]
line-48 [521 1098 530 1095]
line-49 [807 808 817 808]
line-50 [857 1005 874 1005]
line-51 [33 1074 52 1074]
line-52 [165 1085 202 1085]
line-53 [553 930 558 928]
line-54 [362 808 368 808]
line-55 [1022 1004 1030 1004]
line-56 [458 808 476 808]
line-57 [33 818 45 818]
line-58 [780 1020 792 1018]
line-59 [264 811 270 811]
line-60 [793 807 802 807]
line-61 [929 1010 936 1010]
line-62 [618 1066 624 1064]
line-63 [492 1113 500 1110]
line-64 [990 1009 1006 1008]
line-65 [156 1070 183 1070]
line-66 [176 812 181 812]
line-67 [1062 999 1069 999]
line-68 [370 806 375 806]
line-69 [345 1073 351 1073]
line-70 [529 945 539 939]
line-71 [320 808 325 808]
line-72 [333 1073 344 1073]
line-73 [286 1079 309 1079]
line-74 [966 1006 972 1006]
line-75 [358 1074 366 1074]
line-76 [540 938 545 935]
line-77 [750 1027 755 1026]
line-78 [576 920 582 918]
line-79 [1043 1000 1053 1000]
line-80 [1056 820 1063 820]
line-81 [937 1009 944 1009]
line-82 [332 808 342 808]
line-83 [1007 1007 1014 1006]
line-84 [552 1089 560 1086]
line-85 [445 806 453 806]
line-86 [583 918 589 915]
line-87 [310 1080 342 1080]
line-88 [1039 1004 1046 1004]
line-89 [919 1011 928 1011]
line-90 [623 794 628 794]
line-91 [563 1085 570 1083]
line-92 [248 810 253 810]
line-93 [997 1003 1007 1003]
line-94 [607 910 612 909]
line-95 [616 802 621 802]
line-96 [176 1063 192 1063]
line-97 [363 1067 372 1067]
line-98 [486 1117 492 1114]
line-99 [880 811 888 811]
