line-0 [101 1075 136 1075]
line-1 [71 1083 109 1083]
line-2 [400 808 408 808]
line-3 [106 1062 191 1062]
line-4 [188 811 196 811]
line-5 [32 818 45 818]
line-6 [74 1068 118 1068]
line-7 [507 1106 521 1101]
line-8 [65 818 73 818]
line-9 [174 1085 210 1085]
line-10 [175 812 181 812]
line-11 [215 1077 231 1077]
line-12 [751 812 765 812]
line-13 [793 807 803 807]
line-14 [460 808 494 808]
line-15 [112 1083 122 1083]
line-16 [937 1009 943 1009]
line-17 [582 1078 591 1075]
line-18 [74 1075 89 1075]
line-19 [44 1074 58 1074]
line-20 [332 808 342 808]
line-21 [725 1033 744 1029]
line-22 [243 1086 268 1086]
line-23 [827 1010 840 1008]
line-24 [204 811 212 811]
line-25 [119 1069 171 1069]
line-26 [353 807 363 807]
line-27 [658 1052 672 1048]
line-28 [805 1015 811 1014]
line-29 [240 809 249 809]
line-30 [141 1084 159 1084]
line-31 [5 820 11 820]
line-32 [318 1080 338 1080]
line-33 [148 1076 176 1076]
line-34 [627 1063 632 1061]
line-35 [333 1073 338 1073]
line-36 [300 1079 308 1079]
line-37 [244 1078 292 1078]
line-38 [411 806 423 806]
line-39 [54 1061 105 1061]
line-40 [345 808 352 808]
line-41 [931 1010 936 1010]
line-42 [956 1007 965 1007]
line-43 [522 1100 529 1098]
line-44 [272 1087 296 1087]
line-45 [306 810 313 810]
line-46 [101 815 106 815]
line-47 [1001 1003 1011 1003]
line-48 [320 808 325 808]
line-49 [186 1077 214 1077]
line-50 [633 1060 647 1056]
line-51 [336 1066 370 1066]
line-52 [297 1088 337 1088]
line-53 [216 1086 232 1086]
line-54 [1070 1003 1079 1003]
line-55 [17 1082 70 1082]
line-56 [348 1081 363 1081]
line-57 [1065 999 1073 999]
line-58 [991 1009 997 1009]
line-59 [67 823 74 823]
line-60 [632 795 638 795]
line-61 [966 1006 974 1006]
line-62 [820 806 832 806]
line-63 [553 1089 564 1085]
line-64 [59 1074 73 1074]
line-65 [702 1039 710 1037]
line-66 [276 810 282 810]
line-67 [369 806 378 806]
line-68 [933 815 940 815]
line-69 [904 1013 911 1013]
line-70 [773 1022 783 1020]
line-71 [344 1073 352 1073]
line-72 [482 1119 494 1112]
line-73 [623 794 628 794]
line-74 [255 811 268 811]
line-75 [571 1082 581 1079]
line-76 [634 799 644 799]
line-77 [20 1074 34 1074]
line-78 [1074 999 1079 999]
line-79 [811 808 817 808]
line-80 [975 1005 987 1005]
line-81 [50 824 64 824]
line-82 [353 1073 360 1073]
line-83 [338 1089 359 1089]
line-84 [80 815 86 815]
line-85 [756 1026 761 1025]
line-86 [0 1073 11 1073]
line-87 [15 818 21 818]
line-88 [784 1019 792 1018]
line-89 [1023 1004 1029 1004]
line-90 [22 819 31 819]
line-91 [897 1014 903 1014]
line-92 [786 804 791 804]
line-93 [87 814 92 814]
line-94 [717 1035 722 1034]
line-95 [160 1084 173 1084]
line-96 [775 807 781 807]
line-97 [1000 1008 1007 1008]
line-98 [47 1068 73 1068]
line-99 [4 1081 16 1081]
