line-0 [47 1074 75 1074]
line-1 [956 1007 973 1006]
line-2 [26 1082 62 1082]
line-3 [32 818 45 818]
line-4 [116 1062 191 1062]
line-5 [827 1010 841 1008]
line-6 [204 811 212 811]
line-7 [306 810 313 810]
line-8 [803 808 809 808]
line-9 [130 1069 173 1069]
line-10 [175 1085 218 1085]
line-11 [328 808 333 808]
line-12 [576 1080 584 1077]
line-13 [498 1110 504 1108]
line-14 [13 1074 46 1074]
line-15 [335 808 341 808]
line-16 [817 1012 826 1010]
line-17 [659 1052 681 1045]
line-18 [46 1068 119 1068]
line-19 [705 1038 732 1032]
line-20 [71 1083 124 1083]
line-21 [80 815 86 815]
line-22 [631 1061 640 1058]
line-23 [279 1078 287 1078]
line-24 [158 1076 186 1076]
line-25 [291 810 296 810]
line-26 [100 815 106 815]
line-27 [76 1075 139 1075]
line-28 [187 811 195 811]
line-29 [188 1077 236 1077]
line-30 [5 820 11 820]
line-31 [273 1087 299 1087]
line-32 [219 1085 225 1085]
line-33 [54 1061 106 1061]
line-34 [369 806 377 806]
line-35 [338 1066 371 1066]
line-36 [231 809 236 809]
line-37 [345 808 353 808]
line-38 [354 807 363 807]
line-39 [401 808 408 808]
line-40 [619 1065 628 1063]
line-41 [1062 999 1079 999]
line-42 [1001 1008 1011 1007]
line-43 [460 808 476 808]
line-44 [346 1073 354 1073]
line-45 [888 1015 894 1015]
line-46 [623 794 628 794]
line-47 [937 1009 944 1009]
line-48 [321 1080 363 1081]
line-49 [812 808 817 808]
line-50 [240 809 249 809]
line-51 [634 799 643 799]
line-52 [254 811 268 811]
line-53 [540 1093 547 1091]
line-54 [22 819 31 819]
line-55 [780 1020 786 1019]
line-56 [796 807 803 807]
line-57 [567 1084 572 1082]
line-58 [294 1079 302 1079]
line-59 [226 1086 268 1086]
line-60 [300 1088 336 1088]
line-61 [477 808 494 808]
line-62 [820 806 831 806]
line-63 [175 812 181 812]
line-64 [125 1084 174 1084]
line-65 [990 1009 995 1009]
line-66 [1038 1004 1046 1004]
line-67 [985 1004 991 1004]
line-68 [488 1115 498 1111]
line-69 [160 812 166 812]
line-70 [50 824 63 824]
line-71 [427 807 432 807]
line-72 [913 1012 919 1012]
line-73 [12 823 18 823]
line-74 [517 1102 529 1098]
line-75 [237 1078 278 1078]
line-76 [1056 999 1061 999]
line-77 [1045 1000 1051 1000]
line-78 [0 1073 12 1073]
line-79 [684 1044 692 1042]
line-80 [791 1018 796 1017]
line-81 [15 818 21 818]
line-82 [94 816 99 816]
line-83 [974 1005 979 1005]
line-84 [337 1089 359 1089]
line-85 [52 819 60 819]
line-86 [997 1003 1004 1003]
line-87 [1022 1004 1029 1004]
line-88 [903 1013 910 1013]
line-89 [651 1054 658 1052]
line-90 [786 804 791 804]
line-91 [0 1081 9 1081]
line-92 [140 1076 157 1076]
