line-0 [141 1076 183 1076]
line-1 [301 1088 336 1088]
line-2 [78 1083 122 1083]
line-3 [47 1068 118 1068]
line-4 [947 1008 953 1008]
line-5 [54 1061 106 1061]
line-6 [243 1078 271 1078]
line-7 [107 1062 192 1062]
line-8 [8 1074 76 1074]
line-9 [222 1086 230 1086]
line-10 [708 1037 727 1033]
line-11 [665 1050 681 1045]
line-12 [807 1014 815 1013]
line-13 [285 1078 293 1078]
line-14 [988 1023 997 1023]
line-15 [897 1014 903 1014]
line-16 [18 1082 72 1082]
line-17 [123 1084 171 1084]
line-18 [315 1080 337 1080]
line-19 [602 1071 614 1067]
line-20 [77 1075 140 1075]
line-21 [177 1085 219 1085]
line-22 [139 1069 173 1069]
line-23 [185 1077 233 1077]
line-24 [492 1113 502 1109]
line-25 [547 934 555 929]
line-26 [996 1003 1008 1003]
line-27 [795 807 803 807]
line-28 [1073 999 1079 999]
line-29 [1022 1004 1030 1004]
line-30 [94 816 100 816]
line-31 [954 1007 959 1007]
line-32 [623 1064 629 1062]
line-33 [535 942 547 933]
line-34 [15 818 21 818]
line-35 [812 808 818 808]
line-36 [34 818 45 818]
line-37 [522 1100 534 1096]
line-38 [334 1073 360 1073]
line-39 [905 1013 912 1013]
line-40 [973 1005 981 1005]
line-41 [786 804 791 804]
line-42 [1004 1022 1026 1021]
line-43 [552 1089 557 1087]
line-44 [269 1087 295 1087]
line-45 [344 1066 352 1066]
line-46 [751 812 764 812]
line-47 [933 815 939 815]
line-48 [66 818 73 818]
line-49 [521 952 536 940]
line-50 [256 1086 264 1086]
line-51 [1039 1004 1046 1004]
line-52 [482 1118 492 1114]
line-53 [0 1081 17 1081]
line-54 [1041 1000 1050 1000]
line-55 [913 1012 918 1012]
line-56 [176 812 181 812]
line-57 [51 824 67 824]
line-58 [889 1022 895 1022]
line-59 [919 1011 928 1011]
line-60 [632 795 638 795]
line-61 [340 1089 346 1089]
line-62 [657 1052 662 1051]
line-63 [1043 1019 1058 1019]
line-64 [929 1010 935 1010]
line-65 [776 807 781 807]
line-66 [634 799 642 799]
line-67 [999 1008 1011 1007]
line-68 [358 1066 369 1066]
line-69 [744 809 755 809]
line-70 [803 808 809 808]
line-71 [309 1079 314 1079]
line-72 [1028 1020 1042 1020]
line-73 [792 1018 797 1017]
line-74 [303 1079 308 1079]
line-75 [868 1005 874 1005]
line-76 [0 1073 7 1073]
line-77 [244 1086 252 1086]
line-78 [101 815 106 815]
line-79 [641 1058 650 1055]
line-80 [22 819 31 819]
line-81 [989 1009 998 1009]
line-82 [80 815 86 815]
line-83 [1030 1001 1040 1001]
line-84 [623 794 628 794]
line-85 [1062 1018 1067 1018]
line-86 [12 823 20 823]
line-87 [1053 999 1064 999]
