line-0 [8 1074 49 1074]
line-1 [172 1085 215 1085]
line-2 [348 1081 363 1081]
line-3 [276 1087 295 1087]
line-4 [186 811 206 811]
line-5 [172 1070 183 1070]
line-6 [334 1073 341 1073]
line-7 [1031 1001 1037 1001]
line-8 [293 1079 330 1080]
line-9 [136 1062 191 1062]
line-10 [277 810 282 810]
line-11 [1018 1004 1025 1004]
line-12 [55 1068 109 1068]
line-13 [254 811 261 811]
line-14 [91 1083 101 1083]
line-15 [722 1034 739 1030]
line-16 [446 806 453 806]
line-17 [117 1069 171 1069]
line-18 [681 1045 692 1042]
line-19 [73 1075 90 1075]
line-20 [336 1066 364 1066]
line-21 [81 815 87 815]
line-22 [354 807 362 807]
line-23 [178 1077 198 1077]
line-24 [15 818 21 818]
line-25 [5 820 12 820]
line-26 [382 808 388 808]
line-27 [45 1082 73 1082]
line-28 [91 1075 135 1075]
line-29 [148 1084 165 1084]
line-30 [949 1008 954 1008]
line-31 [363 808 369 808]
line-32 [216 1086 267 1086]
line-33 [412 806 422 806]
line-34 [17 1082 44 1082]
line-35 [32 818 45 818]
line-36 [643 1057 653 1054]
line-37 [617 1066 628 1062]
line-38 [541 1093 549 1090]
line-39 [981 1005 986 1005]
line-40 [296 1088 335 1088]
line-41 [199 1077 214 1077]
line-42 [940 1009 945 1009]
line-43 [230 1078 290 1078]
line-44 [913 1012 928 1011]
line-45 [486 809 493 809]
line-46 [400 808 409 808]
line-47 [121 1062 135 1062]
line-48 [429 807 436 807]
line-49 [345 1089 353 1089]
line-50 [560 927 574 921]
line-51 [154 1076 173 1076]
line-52 [552 1089 561 1086]
line-53 [459 808 478 808]
line-54 [306 810 313 810]
line-55 [68 818 73 818]
line-56 [54 1061 106 1061]
line-57 [1064 999 1072 999]
line-58 [1000 1008 1007 1008]
line-59 [332 808 341 808]
line-60 [955 1007 965 1007]
line-61 [245 810 253 810]
line-62 [585 1077 591 1075]
line-63 [523 1100 531 1097]
line-64 [860 1005 874 1005]
line-65 [53 824 70 824]
line-66 [271 809 276 809]
line-67 [706 1038 714 1036]
line-68 [523 1098 530 1095]
line-69 [541 938 548 933]
line-70 [176 812 181 812]
line-71 [1000 1003 1011 1003]
line-72 [358 1074 366 1074]
line-73 [0 1081 16 1081]
line-74 [52 819 61 819]
line-75 [320 808 330 808]
line-76 [331 1080 347 1080]
line-77 [1073 999 1079 999]
line-78 [524 1094 530 1092]
line-79 [126 1084 147 1084]
line-80 [896 1014 904 1014]
line-81 [695 1041 703 1039]
line-82 [753 1026 761 1025]
line-83 [102 1083 121 1083]
line-84 [534 943 541 937]
line-85 [1039 1004 1047 1004]
line-86 [521 952 529 946]
line-87 [1008 1007 1014 1006]
line-88 [482 1118 496 1112]
line-89 [371 806 378 806]
line-90 [987 1004 999 1004]
line-91 [342 1073 357 1073]
line-92 [610 1068 616 1066]
line-93 [634 799 641 799]
line-94 [221 1077 229 1077]
line-95 [596 913 601 912]
