line-0 [211 1077 267 1077]
line-1 [31 1081 88 1082]
line-2 [1037 1001 1046 1001]
line-3 [313 1088 331 1088]
line-4 [990 1004 995 1004]
line-5 [335 1073 370 1073]
line-6 [93 1061 139 1061]
line-7 [195 1077 201 1077]
line-8 [679 1046 690 1043]
line-9 [195 810 204 810]
line-10 [153 1076 181 1076]
line-11 [892 1015 897 1015]
line-12 [340 808 350 808]
line-13 [279 809 285 809]
line-14 [237 1086 264 1086]
line-15 [284 1078 301 1078]
line-16 [521 1101 530 1098]
line-17 [127 1069 184 1069]
line-18 [415 805 420 805]
line-19 [915 1012 931 1011]
line-20 [612 1068 619 1066]
line-21 [18 1074 97 1074]
line-22 [1047 1000 1056 1000]
line-23 [764 1024 780 1021]
line-24 [140 1062 192 1062]
line-25 [323 807 329 807]
line-26 [98 1075 152 1075]
line-27 [83 1068 126 1068]
line-28 [230 809 250 809]
line-29 [898 1014 906 1014]
line-30 [597 1073 611 1069]
line-31 [94 1083 150 1083]
line-32 [461 808 493 808]
line-33 [818 806 828 806]
line-34 [181 1085 236 1085]
line-35 [686 796 693 796]
line-36 [384 807 389 807]
line-37 [1054 820 1059 820]
line-38 [306 810 311 810]
line-39 [563 1086 574 1082]
line-40 [755 1026 763 1025]
line-41 [292 810 300 810]
line-42 [53 1061 90 1061]
line-43 [171 812 177 812]
line-44 [11 823 21 823]
line-45 [534 1096 545 1092]
line-46 [777 806 782 806]
line-47 [794 807 803 807]
line-48 [328 1080 362 1080]
line-49 [151 1084 168 1084]
line-50 [251 810 258 810]
line-51 [658 1053 666 1050]
line-52 [278 1087 312 1087]
line-53 [908 818 917 818]
line-54 [1024 1004 1029 1004]
line-55 [502 1109 507 1107]
line-56 [993 1009 998 1009]
line-57 [6 1081 29 1081]
line-58 [823 1012 828 1011]
line-59 [796 1017 804 1016]
line-60 [939 1009 948 1009]
line-61 [259 811 266 811]
line-62 [552 930 563 925]
line-63 [1061 1000 1070 1000]
line-64 [25 818 32 818]
line-65 [423 807 430 807]
line-66 [696 1041 701 1040]
line-67 [861 1005 873 1005]
line-68 [49 824 67 823]
line-69 [968 1006 975 1006]
line-70 [733 1032 739 1030]
line-71 [76 1067 82 1067]
line-72 [636 799 645 799]
line-73 [205 811 211 811]
line-74 [528 945 550 931]
line-75 [352 1066 373 1066]
line-76 [302 1079 327 1079]
line-77 [489 1115 497 1112]
line-78 [1061 1004 1068 1004]
line-79 [359 807 364 807]
line-80 [577 919 591 914]
line-81 [877 811 884 811]
line-82 [439 805 451 805]
line-83 [949 1008 957 1008]
line-84 [54 1068 75 1068]
line-85 [483 1118 489 1116]
line-86 [835 806 840 806]
line-87 [829 805 835 805]
line-88 [13 818 21 818]
line-89 [524 1098 529 1096]
line-90 [1059 819 1068 819]
line-91 [958 1007 967 1007]
line-92 [979 1005 989 1005]
line-93 [0 1073 17 1073]
line-94 [182 1076 194 1076]
