line-0 [16 1074 72 1074]
line-1 [121 1084 221 1085]
line-2 [187 811 195 811]
line-3 [962 1007 967 1007]
line-4 [150 1062 192 1062]
line-5 [4 820 10 820]
line-6 [204 811 212 811]
line-7 [323 1080 350 1080]
line-8 [84 1083 94 1083]
line-9 [1008 1003 1013 1003]
line-10 [93 816 98 816]
line-11 [117 1069 162 1069]
line-12 [86 1068 104 1068]
line-13 [249 810 254 810]
line-14 [562 1086 568 1084]
line-15 [36 818 45 818]
line-16 [370 806 377 806]
line-17 [170 812 180 812]
line-18 [231 809 236 809]
line-19 [0 1081 16 1081]
line-20 [256 1086 266 1086]
line-21 [641 1058 660 1052]
line-22 [399 808 407 808]
line-23 [336 808 342 808]
line-24 [942 1009 947 1009]
line-25 [153 1076 171 1076]
line-26 [459 808 493 808]
line-27 [916 1012 921 1012]
line-28 [240 809 248 809]
line-29 [181 1077 238 1077]
line-30 [345 808 352 808]
line-31 [107 1062 148 1062]
line-32 [353 807 363 807]
line-33 [239 1078 293 1078]
line-34 [570 1083 589 1076]
line-35 [54 1061 106 1061]
line-36 [738 1030 757 1026]
line-37 [906 1013 915 1012]
line-38 [529 945 556 928]
line-39 [611 1068 622 1065]
line-40 [306 810 312 810]
line-41 [315 1080 322 1080]
line-42 [948 1008 956 1008]
line-43 [996 1009 1005 1008]
line-44 [1051 1000 1056 1000]
line-45 [347 1073 355 1073]
line-46 [300 1088 325 1088]
line-47 [634 799 642 799]
line-48 [567 923 578 919]
line-49 [338 1073 346 1073]
line-50 [137 1076 151 1076]
line-51 [17 1082 66 1082]
line-52 [1040 1001 1045 1001]
line-53 [1069 999 1074 999]
line-54 [75 1075 136 1075]
line-55 [491 1114 498 1111]
line-56 [689 1043 697 1041]
line-57 [263 811 268 811]
line-58 [1019 1004 1028 1004]
line-59 [968 1006 988 1005]
line-60 [14 818 21 818]
line-61 [335 1066 370 1066]
line-62 [553 1089 559 1087]
line-63 [222 1086 243 1086]
line-64 [531 935 537 931]
line-65 [45 1068 85 1068]
line-66 [22 819 30 819]
line-67 [594 913 599 912]
line-68 [73 1083 83 1083]
line-69 [1024 823 1039 824]
line-70 [677 1046 683 1045]
line-71 [525 938 531 934]
line-72 [539 930 546 927]
line-73 [521 1096 526 1094]
line-74 [249 1086 255 1086]
line-75 [411 806 422 806]
line-76 [391 805 396 805]
line-77 [922 1011 930 1011]
line-78 [482 1119 488 1116]
line-79 [304 1079 312 1079]
line-80 [86 814 91 814]
line-81 [255 811 261 811]
line-82 [597 1073 604 1071]
line-83 [270 1087 299 1087]
line-84 [95 1083 120 1083]
line-85 [506 1107 512 1105]
line-86 [699 1040 704 1039]
line-87 [1006 819 1016 819]
line-88 [674 799 679 799]
line-89 [552 924 560 921]
line-90 [339 1089 347 1089]
line-91 [328 1088 336 1088]
line-92 [931 1010 939 1010]
line-93 [11 823 20 823]
