line-0 [15 1074 69 1074]
line-1 [129 1084 162 1084]
line-2 [296 1079 321 1079]
line-3 [961 1007 968 1007]
line-4 [352 807 363 807]
line-5 [258 811 266 811]
line-6 [460 808 493 808]
line-7 [45 1068 118 1068]
line-8 [188 811 194 811]
line-9 [170 812 179 812]
line-10 [276 1087 304 1087]
line-11 [194 1077 250 1077]
line-12 [621 1065 647 1056]
line-13 [105 1075 133 1075]
line-14 [91 1061 127 1061]
line-15 [215 1085 223 1085]
line-16 [391 805 396 805]
line-17 [743 1029 750 1028]
line-18 [940 1009 948 1009]
line-19 [151 1076 169 1076]
line-20 [21 1082 77 1082]
line-21 [751 1027 758 1026]
line-22 [830 1010 838 1009]
line-23 [899 1014 904 1014]
line-24 [312 809 319 809]
line-25 [1003 1003 1010 1003]
line-26 [659 1052 665 1051]
line-27 [519 1102 534 1096]
line-28 [732 1032 737 1031]
line-29 [89 1075 103 1075]
line-30 [37 818 44 818]
line-31 [98 815 105 815]
line-32 [308 1088 344 1088]
line-33 [119 1069 184 1069]
line-34 [760 810 765 810]
line-35 [239 809 249 809]
line-36 [179 1076 188 1076]
line-37 [128 1062 192 1062]
line-38 [280 809 285 809]
line-39 [493 1113 501 1110]
line-40 [599 1073 608 1070]
line-41 [685 1044 693 1042]
line-42 [85 1083 128 1083]
line-43 [752 812 765 812]
line-44 [336 808 351 808]
line-45 [337 1073 345 1073]
line-46 [286 810 300 810]
line-47 [929 1011 939 1010]
line-48 [550 932 569 922]
line-49 [1048 1000 1059 1000]
line-50 [809 1014 814 1014]
line-51 [1019 1004 1027 1004]
line-52 [62 823 74 823]
line-53 [346 1066 373 1066]
line-54 [483 1118 493 1114]
line-55 [59 1061 87 1061]
line-56 [707 1038 712 1037]
line-57 [13 818 21 818]
line-58 [290 1078 295 1078]
line-59 [634 799 644 799]
line-60 [232 1086 270 1086]
line-61 [134 1075 146 1075]
line-62 [891 1015 897 1015]
line-63 [324 1080 361 1080]
line-64 [989 1010 1001 1009]
line-65 [306 810 311 810]
line-66 [990 1004 1002 1004]
line-67 [178 1085 186 1085]
line-68 [794 807 800 807]
line-69 [369 806 377 806]
line-70 [399 808 405 808]
line-71 [861 1005 874 1005]
line-72 [79 815 84 815]
line-73 [1060 819 1067 819]
line-74 [500 808 515 808]
line-75 [445 805 450 805]
line-76 [761 1025 766 1024]
line-77 [531 944 538 938]
line-78 [51 824 61 824]
line-79 [230 809 237 809]
line-80 [539 1094 552 1090]
line-81 [915 1012 923 1012]
line-82 [1035 1001 1047 1001]
line-83 [1061 1004 1068 1004]
line-84 [777 1021 784 1020]
line-85 [589 1076 595 1074]
line-86 [1003 1008 1009 1008]
line-87 [0 1081 20 1081]
line-88 [85 814 92 814]
line-89 [978 1005 989 1005]
line-90 [672 799 677 799]
line-91 [0 1073 14 1073]
line-92 [187 1085 214 1085]
line-93 [260 1078 289 1078]
line-94 [250 810 257 810]
line-95 [583 917 594 913]
line-96 [520 952 528 945]
line-97 [346 1073 362 1073]
line-98 [11 823 21 823]
line-99 [1068 820 1074 820]
line-100 [969 1006 977 1006]
