line-0 [275 1078 303 1078]
line-1 [181 1085 222 1085]
line-2 [151 1062 192 1062]
line-3 [83 1068 114 1068]
line-4 [252 810 258 810]
line-5 [223 1085 236 1085]
line-6 [760 1025 766 1024]
line-7 [230 809 250 809]
line-8 [635 1060 645 1057]
line-9 [340 808 350 808]
line-10 [207 1077 247 1077]
line-11 [53 1061 137 1061]
line-12 [1068 999 1078 999]
line-13 [767 1023 775 1022]
line-14 [583 1078 606 1070]
line-15 [335 1073 368 1073]
line-16 [707 1038 717 1036]
line-17 [248 1077 274 1077]
line-18 [950 1008 956 1008]
line-19 [439 805 451 805]
line-20 [280 809 286 809]
line-21 [29 1082 91 1082]
line-22 [461 808 490 808]
line-23 [171 812 178 812]
line-24 [359 807 364 807]
line-25 [132 1069 148 1069]
line-26 [313 1088 331 1088]
line-27 [111 1075 155 1075]
line-28 [92 1083 151 1083]
line-29 [654 1054 670 1049]
line-30 [692 1042 700 1040]
line-31 [149 1069 184 1069]
line-32 [195 810 204 810]
line-33 [18 1074 29 1074]
line-34 [1069 820 1077 820]
line-35 [924 1011 937 1010]
line-36 [329 1080 362 1080]
line-37 [156 1076 183 1076]
line-38 [877 811 885 811]
line-39 [777 1021 785 1019]
line-40 [1032 1001 1043 1001]
line-41 [38 818 43 818]
line-42 [152 1084 174 1084]
line-43 [292 810 300 810]
line-44 [205 811 211 811]
line-45 [485 1117 503 1109]
line-46 [94 1075 110 1075]
line-47 [51 1074 93 1074]
line-48 [423 807 430 807]
line-49 [522 1098 529 1096]
line-50 [529 1098 540 1094]
line-51 [84 814 93 814]
line-52 [906 1013 914 1013]
line-53 [319 1079 327 1079]
line-54 [237 1086 279 1086]
line-55 [66 823 75 823]
line-56 [1050 1000 1058 1000]
line-57 [975 1005 986 1005]
line-58 [13 818 22 818]
line-59 [2 1081 28 1081]
line-60 [930 814 935 814]
line-61 [369 806 377 806]
line-62 [864 1005 870 1005]
line-63 [987 1004 999 1004]
line-64 [557 928 562 925]
line-65 [405 807 410 807]
line-66 [344 1088 349 1088]
line-67 [798 1017 803 1016]
line-68 [280 1087 312 1087]
line-69 [25 818 32 818]
line-70 [6 1073 16 1073]
line-71 [1019 1004 1028 1004]
line-72 [352 1066 373 1066]
line-73 [82 822 89 822]
line-74 [890 1015 905 1014]
line-75 [259 811 266 811]
line-76 [189 811 194 811]
line-77 [159 813 165 812]
line-78 [55 1067 65 1068]
line-79 [813 1014 819 1012]
line-80 [908 818 917 818]
line-81 [687 796 693 796]
line-82 [544 935 557 927]
line-83 [520 952 536 939]
line-84 [638 799 645 799]
line-85 [751 1027 756 1026]
line-86 [36 1074 50 1074]
line-87 [10 824 21 823]
line-88 [582 917 601 911]
line-89 [97 815 105 815]
line-90 [1001 1008 1006 1008]
line-91 [957 1007 966 1007]
line-92 [833 1009 838 1009]
line-93 [198 1077 205 1077]
line-94 [59 823 65 823]
line-95 [760 810 767 810]
line-96 [138 1062 148 1062]
line-97 [634 795 639 795]
line-98 [337 1065 351 1065]
line-99 [1059 819 1068 819]
line-100 [544 1092 549 1091]
line-101 [939 1009 946 1009]
line-102 [115 1068 125 1068]
line-103 [49 1068 54 1068]
