line-0 [0 1073 7 1073]
line-1 [66 1083 118 1083]
line-2 [69 1075 125 1075]
line-3 [286 1079 309 1079]
line-4 [324 1080 342 1080]
line-5 [253 811 260 811]
line-6 [362 808 368 808]
line-7 [333 1073 357 1073]
line-8 [399 808 409 808]
line-9 [21 819 32 819]
line-10 [411 806 422 806]
line-11 [96 1068 110 1068]
line-12 [219 1086 245 1086]
line-13 [349 1081 357 1081]
line-14 [712 1036 718 1035]
line-15 [628 1062 646 1056]
line-16 [271 809 276 809]
line-17 [134 1062 170 1062]
line-18 [445 806 453 806]
line-19 [676 1046 681 1045]
line-20 [336 1066 368 1066]
line-21 [305 1088 329 1088]
line-22 [295 1088 303 1088]
line-23 [752 1026 759 1025]
line-24 [32 818 46 818]
line-25 [947 1008 953 1008]
line-26 [94 816 101 816]
line-27 [273 1087 283 1087]
line-28 [346 808 353 808]
line-29 [750 812 760 812]
line-30 [19 1082 56 1082]
line-31 [277 810 295 810]
line-32 [634 799 641 799]
line-33 [895 1014 901 1014]
line-34 [793 807 802 807]
line-35 [596 1073 608 1069]
line-36 [458 808 485 808]
line-37 [724 1033 735 1031]
line-38 [230 1078 285 1078]
line-39 [1023 1004 1031 1004]
line-40 [118 1069 156 1069]
line-41 [1010 1002 1015 1002]
line-42 [312 1080 320 1080]
line-43 [305 810 313 810]
line-44 [80 815 90 815]
line-45 [515 1103 523 1100]
line-46 [186 811 192 811]
line-47 [68 1068 82 1068]
line-48 [492 958 499 956]
line-49 [8 1074 25 1074]
line-50 [585 917 593 914]
line-51 [371 806 377 806]
line-52 [470 966 483 961]
line-53 [1029 1001 1035 1001]
line-54 [140 1076 150 1076]
line-55 [493 1112 501 1109]
line-56 [58 824 66 824]
line-57 [118 1062 133 1062]
line-58 [193 811 206 811]
line-59 [55 1061 103 1061]
line-60 [902 1013 908 1013]
line-61 [557 1087 567 1084]
line-62 [770 1022 777 1021]
line-63 [458 973 464 970]
line-64 [253 1086 263 1086]
line-65 [918 1011 924 1011]
line-66 [588 1076 595 1073]
line-67 [995 1003 1008 1003]
line-68 [697 1040 702 1039]
line-69 [954 1007 960 1007]
line-70 [382 808 387 808]
line-71 [354 807 361 807]
line-72 [563 926 569 923]
line-73 [358 1081 363 1081]
line-74 [486 809 492 809]
line-75 [330 1089 338 1089]
line-76 [1052 999 1062 999]
line-77 [611 909 620 907]
line-78 [936 1009 942 1009]
line-79 [488 1115 493 1113]
line-80 [643 800 648 800]
line-81 [176 812 181 812]
line-82 [911 819 917 819]
line-83 [675 799 680 799]
line-84 [119 1084 156 1084]
line-85 [344 1089 352 1089]
line-86 [524 1099 534 1096]
line-87 [541 937 557 928]
line-88 [247 1086 252 1086]
line-89 [1063 999 1079 999]
line-90 [31 1074 59 1074]
line-91 [963 1006 971 1006]
line-92 [776 807 781 807]
line-93 [663 1050 668 1049]
line-94 [984 1004 994 1004]
line-95 [267 1087 272 1087]
line-96 [332 808 341 808]
line-97 [993 1009 1000 1008]
line-98 [760 810 767 811]
line-99 [0 1081 18 1081]
line-100 [15 818 20 818]
line-101 [648 1055 659 1052]
line-102 [880 811 887 811]
line-103 [543 1092 548 1090]
line-104 [47 1068 67 1068]
line-105 [972 1005 981 1005]
line-106 [573 1081 580 1079]
line-107 [105 1062 117 1062]
line-108 [910 1012 917 1012]
line-109 [51 824 57 824]
