line-0 [297 1079 319 1079]
line-1 [0 1081 19 1081]
line-2 [258 1078 296 1078]
line-3 [164 1076 174 1076]
line-4 [204 811 212 811]
line-5 [187 811 196 811]
line-6 [185 1085 223 1085]
line-7 [943 1008 950 1008]
line-8 [333 1073 348 1073]
line-9 [80 1075 142 1075]
line-10 [161 1062 175 1062]
line-11 [61 1068 75 1068]
line-12 [401 808 408 808]
line-13 [5 820 11 820]
line-14 [241 1086 269 1086]
line-15 [117 1062 153 1062]
line-16 [76 1083 100 1083]
line-17 [349 1073 369 1073]
line-18 [354 807 363 807]
line-19 [188 1077 234 1077]
line-20 [460 808 494 808]
line-21 [335 808 342 808]
line-22 [20 1082 75 1082]
line-23 [524 1094 531 1092]
line-24 [240 809 249 809]
line-25 [546 1091 561 1086]
line-26 [910 1012 925 1011]
line-27 [1 1073 23 1074]
line-28 [306 810 313 810]
line-29 [124 1069 175 1069]
line-30 [54 1061 116 1061]
line-31 [721 1034 734 1031]
line-32 [520 1098 530 1095]
line-33 [328 808 333 808]
line-34 [411 806 423 806]
line-35 [130 1084 174 1084]
line-36 [994 1003 1014 1002]
line-37 [633 1060 647 1056]
line-38 [1065 999 1073 999]
line-39 [346 808 353 808]
line-40 [323 1088 331 1088]
line-41 [634 799 642 799]
line-42 [776 807 781 807]
line-43 [15 818 21 818]
line-44 [812 808 817 808]
line-45 [254 811 268 811]
line-46 [1006 1007 1011 1007]
line-47 [528 946 557 928]
line-48 [280 1087 298 1087]
line-49 [36 1074 79 1074]
line-50 [765 1023 772 1022]
line-51 [498 1110 505 1107]
line-52 [340 1066 346 1066]
line-53 [819 806 831 806]
line-54 [22 819 45 818]
line-55 [794 807 802 807]
line-56 [91 1068 105 1068]
line-57 [927 1010 934 1010]
line-58 [291 810 296 810]
line-59 [744 809 754 809]
line-60 [304 1088 312 1088]
line-61 [484 1117 498 1111]
line-62 [525 1099 534 1096]
line-63 [574 1081 580 1079]
line-64 [342 1089 359 1089]
line-65 [613 1067 619 1065]
line-66 [576 920 582 918]
line-67 [1036 1000 1045 1000]
line-68 [917 818 923 818]
line-69 [738 1030 746 1028]
line-70 [12 823 20 823]
line-71 [997 1008 1005 1008]
line-72 [100 815 106 815]
line-73 [564 925 571 922]
line-74 [176 812 181 812]
line-75 [354 1081 361 1081]
line-76 [1057 999 1064 999]
line-77 [981 1004 993 1004]
line-78 [369 806 377 806]
line-79 [107 1083 117 1083]
line-80 [632 795 637 795]
line-81 [106 1068 119 1068]
line-82 [676 1046 681 1045]
line-83 [143 1076 163 1076]
line-84 [687 1043 695 1041]
line-85 [889 1015 894 1015]
line-86 [623 794 628 794]
line-87 [277 810 282 810]
line-88 [320 1080 353 1080]
line-89 [245 1078 253 1078]
line-90 [749 1027 755 1026]
line-91 [592 1074 601 1071]
line-92 [349 1066 371 1066]
line-93 [179 1062 192 1062]
line-94 [878 811 887 811]
line-95 [935 1009 942 1009]
line-96 [224 1086 240 1086]
