line-0 [285 1079 311 1079]
line-1 [182 1077 227 1077]
line-2 [1060 999 1074 999]
line-3 [265 1087 292 1087]
line-4 [115 1084 166 1084]
line-5 [361 808 368 808]
line-6 [648 1055 664 1050]
line-7 [104 1062 138 1062]
line-8 [985 1004 1003 1003]
line-9 [6 1074 53 1074]
line-10 [228 1078 255 1078]
line-11 [766 1023 790 1018]
line-12 [458 808 476 808]
line-13 [32 818 46 818]
line-14 [160 1070 183 1070]
line-15 [553 1089 577 1080]
line-16 [31 1082 56 1082]
line-17 [57 1075 128 1075]
line-18 [947 1008 952 1008]
line-19 [244 810 253 810]
line-20 [349 1081 357 1081]
line-21 [399 808 409 808]
line-22 [728 1032 743 1029]
line-23 [305 810 313 810]
line-24 [411 806 422 806]
line-25 [203 1086 264 1086]
line-26 [584 1077 600 1072]
line-27 [47 1068 107 1068]
line-28 [57 1083 110 1083]
line-29 [382 808 388 808]
line-30 [270 1078 280 1078]
line-31 [108 1069 159 1069]
line-32 [823 807 828 807]
line-33 [972 1005 978 1005]
line-34 [332 808 341 808]
line-35 [142 1076 177 1076]
line-36 [793 807 802 807]
line-37 [798 1016 814 1013]
line-38 [742 809 755 809]
line-39 [525 1099 546 1091]
line-40 [323 1080 343 1080]
line-41 [888 1015 900 1014]
line-42 [182 811 205 811]
line-43 [336 1066 369 1066]
line-44 [93 816 101 816]
line-45 [809 808 818 808]
line-46 [490 1114 510 1105]
line-47 [927 1010 934 1010]
line-48 [55 1061 88 1061]
line-49 [321 808 329 808]
line-50 [634 799 641 799]
line-51 [21 819 32 819]
line-52 [444 806 453 806]
line-53 [964 1006 971 1006]
line-54 [333 1073 346 1073]
line-55 [168 1085 202 1085]
line-56 [483 809 492 809]
line-57 [910 819 917 819]
line-58 [143 1062 169 1062]
line-59 [953 1007 963 1007]
line-60 [342 1089 350 1089]
line-61 [253 811 260 811]
line-62 [827 1010 839 1008]
line-63 [313 1080 321 1080]
line-64 [616 802 621 802]
line-65 [603 1071 617 1066]
line-66 [829 806 835 806]
line-67 [176 812 181 812]
line-68 [990 1009 996 1009]
line-69 [675 799 680 799]
line-70 [917 818 925 818]
line-71 [265 811 270 811]
line-72 [301 1088 315 1088]
line-73 [236 810 241 810]
line-74 [347 1074 368 1074]
line-75 [620 1065 626 1063]
line-76 [665 1050 670 1048]
line-77 [354 807 360 807]
line-78 [820 1011 825 1011]
line-79 [276 810 283 810]
line-80 [17 1082 24 1082]
line-81 [910 1012 926 1011]
line-82 [181 1063 192 1063]
line-83 [1055 820 1060 820]
line-84 [81 815 87 815]
line-85 [775 807 781 807]
line-86 [333 1089 341 1089]
line-87 [935 1009 942 1009]
line-88 [522 1095 527 1093]
