line-0 [9 1074 52 1074]
line-1 [98 1062 150 1062]
line-2 [19 1082 54 1082]
line-3 [264 1087 294 1087]
line-4 [631 1061 640 1058]
line-5 [311 1080 333 1080]
line-6 [697 1040 719 1035]
line-7 [596 1073 608 1069]
line-8 [1010 1002 1015 1002]
line-9 [985 1004 995 1004]
line-10 [55 1083 110 1083]
line-11 [127 1084 137 1084]
line-12 [103 1075 128 1075]
line-13 [204 1077 223 1077]
line-14 [156 1070 183 1070]
line-15 [145 1084 163 1084]
line-16 [954 1007 972 1006]
line-17 [21 819 32 819]
line-18 [47 1068 106 1068]
line-19 [573 1081 583 1078]
line-20 [204 1086 263 1086]
line-21 [325 1089 352 1089]
line-22 [54 1061 92 1061]
line-23 [129 1076 177 1076]
line-24 [501 1109 513 1104]
line-25 [224 1078 282 1078]
line-26 [989 1009 998 1009]
line-27 [728 1032 734 1031]
line-28 [0 1081 14 1081]
line-29 [540 1093 547 1091]
line-30 [795 807 802 807]
line-31 [919 1011 924 1011]
line-32 [164 1085 203 1085]
line-33 [65 1075 102 1075]
line-34 [680 1045 689 1043]
line-35 [645 1056 650 1055]
line-36 [117 1069 155 1069]
line-37 [155 1062 171 1062]
line-38 [339 1066 366 1066]
line-39 [912 1012 918 1012]
line-40 [81 815 93 815]
line-41 [308 1088 314 1088]
line-42 [113 1084 123 1084]
line-43 [93 816 100 816]
line-44 [776 807 781 807]
line-45 [937 1009 943 1009]
line-46 [807 808 813 808]
line-47 [1022 1004 1028 1004]
line-48 [653 1054 659 1052]
line-49 [917 818 925 818]
line-50 [762 811 771 811]
line-51 [178 1077 188 1077]
line-52 [616 1066 621 1065]
line-53 [895 1014 902 1014]
line-54 [1053 999 1079 999]
line-55 [533 1096 538 1094]
line-56 [32 818 45 818]
line-57 [525 1097 530 1095]
line-58 [690 1042 696 1041]
line-59 [481 1119 490 1114]
line-60 [333 1073 351 1073]
line-61 [295 1088 307 1088]
line-62 [750 812 761 812]
line-63 [181 1063 192 1063]
line-64 [634 799 641 799]
line-65 [343 1081 363 1081]
line-66 [829 806 835 806]
line-67 [283 1079 310 1079]
line-68 [823 807 828 807]
line-69 [587 1076 593 1074]
line-70 [491 1114 498 1111]
line-71 [973 1005 984 1005]
line-72 [999 1008 1006 1008]
line-73 [1055 820 1061 820]
line-74 [609 1069 615 1067]
line-75 [352 1074 366 1074]
line-76 [616 802 621 802]
line-77 [182 811 188 810]
line-78 [996 1003 1009 1003]
