line-0 [67 1075 123 1075]
line-1 [60 1083 116 1083]
line-2 [411 806 422 806]
line-3 [459 808 485 808]
line-4 [290 1079 309 1079]
line-5 [1044 1000 1053 1000]
line-6 [569 1083 578 1080]
line-7 [346 808 353 808]
line-8 [979 1005 985 1005]
line-9 [0 1074 53 1074]
line-10 [21 819 31 819]
line-11 [921 1011 928 1011]
line-12 [709 1037 732 1032]
line-13 [399 808 409 808]
line-14 [445 806 453 806]
line-15 [103 1062 143 1062]
line-16 [229 1086 257 1086]
line-17 [47 1068 80 1068]
line-18 [175 812 181 812]
line-19 [534 1096 540 1094]
line-20 [32 818 45 818]
line-21 [742 809 755 809]
line-22 [169 1077 197 1077]
line-23 [245 810 252 810]
line-24 [591 1075 612 1068]
line-25 [793 807 802 807]
line-26 [929 1010 935 1010]
line-27 [767 1023 774 1022]
line-28 [353 1090 358 1090]
line-29 [118 1084 163 1084]
line-30 [633 1061 638 1059]
line-31 [107 1069 131 1069]
line-32 [229 1078 248 1078]
line-33 [788 1019 797 1017]
line-34 [684 1044 689 1043]
line-35 [279 1078 287 1078]
line-36 [524 949 549 932]
line-37 [253 811 260 811]
line-38 [258 1086 265 1086]
line-39 [186 811 208 811]
line-40 [132 1069 151 1069]
line-41 [938 1009 943 1009]
line-42 [335 1066 364 1066]
line-43 [866 1005 872 1005]
line-44 [1030 1001 1043 1001]
line-45 [54 1061 102 1061]
line-46 [311 1080 339 1080]
line-47 [363 808 368 808]
line-48 [904 1013 910 1013]
line-49 [652 1054 666 1050]
line-50 [177 1085 208 1085]
line-51 [211 1077 228 1077]
line-52 [945 1008 955 1008]
line-53 [276 810 283 810]
line-54 [991 1009 997 1009]
line-55 [291 1088 332 1088]
line-56 [828 1010 833 1009]
line-57 [13 1082 58 1082]
line-58 [839 1008 848 1007]
line-59 [1018 1004 1030 1004]
line-60 [493 1113 502 1109]
line-61 [775 807 781 807]
line-62 [137 1076 167 1076]
line-63 [285 810 295 810]
line-64 [179 1062 189 1062]
line-65 [518 1102 527 1099]
line-66 [524 1097 531 1095]
line-67 [153 1062 167 1062]
line-68 [52 824 64 824]
line-69 [357 1081 363 1081]
line-70 [486 809 492 809]
line-71 [249 1078 255 1078]
line-72 [209 1086 214 1086]
line-73 [165 1070 183 1070]
line-74 [215 1086 222 1086]
line-75 [959 1007 969 1006]
line-76 [986 1004 997 1004]
line-77 [332 808 341 808]
line-78 [156 1069 164 1069]
line-79 [338 1073 351 1073]
line-80 [551 931 558 928]
line-81 [305 810 313 810]
line-82 [354 807 362 807]
line-83 [266 1087 283 1087]
line-84 [746 1028 759 1025]
line-85 [695 1041 703 1039]
line-86 [800 1016 806 1015]
line-87 [101 815 106 815]
line-88 [550 1090 557 1088]
line-89 [1068 999 1076 999]
line-90 [750 812 760 812]
line-91 [998 1003 1010 1003]
line-92 [342 1089 350 1089]
line-93 [613 1067 618 1066]
line-94 [579 919 593 914]
line-95 [15 818 20 818]
line-96 [506 1107 512 1105]
line-97 [90 1068 106 1068]
line-98 [350 1081 356 1081]
line-99 [333 1089 338 1089]
line-100 [812 808 817 808]
line-101 [124 1075 135 1075]
line-102 [370 806 376 806]
line-103 [201 1077 210 1077]
line-104 [236 810 241 810]
line-105 [256 1078 268 1078]
line-106 [1000 1008 1012 1007]
