line-0 [253 1078 283 1078]
line-1 [78 1083 111 1083]
line-2 [252 810 257 810]
line-3 [14 818 22 818]
line-4 [30 1074 143 1075]
line-5 [75 1061 126 1061]
line-6 [789 1018 794 1018]
line-7 [337 808 352 808]
line-8 [511 1105 545 1092]
line-9 [306 810 312 810]
line-10 [190 1077 252 1077]
line-11 [239 809 251 809]
line-12 [177 1085 207 1085]
line-13 [344 1089 359 1089]
line-14 [606 1070 630 1062]
line-15 [69 1068 83 1068]
line-16 [706 1038 728 1033]
line-17 [461 808 509 808]
line-18 [905 1013 911 1013]
line-19 [230 1086 277 1086]
line-20 [258 811 267 811]
line-21 [1055 1000 1066 1000]
line-22 [333 1080 351 1080]
line-23 [284 1078 292 1078]
line-24 [106 1068 119 1068]
line-25 [976 1005 986 1005]
line-26 [38 818 44 818]
line-27 [797 807 802 807]
line-28 [204 811 212 811]
line-29 [25 1082 77 1082]
line-30 [866 943 874 943]
line-31 [512 946 517 944]
line-32 [831 940 842 940]
line-33 [120 1069 180 1069]
line-34 [127 1062 192 1062]
line-35 [956 1007 966 1007]
line-36 [292 810 300 810]
line-37 [754 1026 766 1024]
line-38 [145 1084 173 1084]
line-39 [148 1076 165 1076]
line-40 [369 806 378 806]
line-41 [406 807 411 807]
line-42 [112 1083 117 1083]
line-43 [306 1088 343 1088]
line-44 [947 1008 955 1008]
line-45 [231 809 237 809]
line-46 [1018 1004 1030 1004]
line-47 [1060 1004 1069 1004]
line-48 [637 1059 651 1055]
line-49 [17 1074 27 1074]
line-50 [530 944 538 939]
line-51 [411 806 417 806]
line-52 [775 807 780 807]
line-53 [188 811 195 811]
line-54 [118 1083 126 1083]
line-55 [24 818 33 818]
line-56 [301 1079 322 1079]
line-57 [779 1021 788 1019]
line-58 [547 933 556 929]
line-59 [933 815 939 815]
line-60 [359 807 364 807]
line-61 [798 938 812 938]
line-62 [995 1004 1000 1004]
line-63 [1067 999 1079 999]
line-64 [562 920 568 918]
line-65 [583 1078 594 1074]
line-66 [572 921 578 919]
line-67 [786 804 791 804]
line-68 [818 806 830 806]
line-69 [62 1061 74 1061]
line-70 [444 805 450 805]
line-71 [521 1098 526 1097]
line-72 [890 1015 896 1015]
line-73 [938 1009 946 1009]
line-74 [658 1052 664 1051]
line-75 [879 944 887 944]
line-76 [549 1090 554 1089]
line-77 [744 809 753 809]
line-78 [86 814 92 814]
line-79 [734 1031 741 1030]
line-80 [4 1081 24 1081]
line-81 [1032 1001 1045 1001]
line-82 [171 812 179 812]
line-83 [877 811 886 811]
line-84 [634 799 645 799]
line-85 [525 948 531 944]
line-86 [208 1085 229 1085]
line-87 [280 1087 286 1087]
line-88 [699 1040 705 1039]
line-89 [505 952 512 947]
line-90 [865 1005 873 1005]
line-91 [98 815 105 815]
line-92 [991 1009 1001 1009]
line-93 [455 807 460 807]
line-94 [742 1029 749 1028]
line-95 [488 1116 503 1108]
line-96 [1074 1003 1079 1003]
line-97 [802 808 808 808]
line-98 [1001 1003 1013 1003]
line-99 [391 805 396 805]
line-100 [545 927 550 925]
line-101 [5 820 10 820]
line-102 [1002 1008 1007 1008]
line-103 [287 1087 305 1087]
line-104 [539 938 546 934]
line-105 [681 1045 688 1043]
line-106 [93 1068 105 1068]
line-107 [324 1080 330 1080]
line-108 [850 941 855 941]
line-109 [632 795 638 795]
line-110 [46 1068 68 1068]
line-111 [535 932 540 930]
line-112 [930 1010 937 1010]
line-113 [11 823 21 823]
line-114 [665 1050 670 1049]
