line-0 [261 1078 298 1078]
line-1 [26 1082 77 1082]
line-2 [978 1005 988 1005]
line-3 [1048 1019 1070 1018]
line-4 [59 1061 115 1061]
line-5 [45 1068 123 1068]
line-6 [190 1077 238 1077]
line-7 [177 1085 206 1085]
line-8 [306 810 312 810]
line-9 [188 811 194 811]
line-10 [618 1066 644 1057]
line-11 [961 1026 979 1025]
line-12 [727 1033 744 1029]
line-13 [915 1012 931 1011]
line-14 [281 1087 337 1088]
line-15 [359 807 364 807]
line-16 [461 808 493 808]
line-17 [79 1083 128 1083]
line-18 [818 806 830 806]
line-19 [410 806 416 806]
line-20 [122 1062 192 1062]
line-21 [941 1028 960 1027]
line-22 [1021 1021 1036 1021]
line-23 [204 811 211 811]
line-24 [1053 1000 1061 1000]
line-25 [84 1075 98 1075]
line-26 [544 1092 565 1085]
line-27 [337 808 351 808]
line-28 [158 1076 189 1076]
line-29 [15 1074 83 1074]
line-30 [423 807 431 807]
line-31 [14 818 33 818]
line-32 [239 809 251 809]
line-33 [133 1069 180 1069]
line-34 [772 1022 779 1021]
line-35 [710 1037 716 1036]
line-36 [292 810 300 810]
line-37 [575 920 583 917]
line-38 [546 934 553 930]
line-39 [369 806 378 806]
line-40 [910 1032 916 1032]
line-41 [333 1073 369 1073]
line-42 [580 1079 589 1076]
line-43 [153 1084 176 1084]
line-44 [1002 1008 1008 1008]
line-45 [1071 999 1079 999]
line-46 [120 1075 138 1075]
line-47 [794 807 802 807]
line-48 [98 815 105 815]
line-49 [324 1080 358 1080]
line-50 [939 1009 947 1009]
line-51 [347 1066 372 1066]
line-52 [500 1110 508 1106]
line-53 [1032 1001 1046 1001]
line-54 [992 1009 997 1009]
line-55 [230 1086 276 1086]
line-56 [1019 1004 1028 1004]
line-57 [14 823 21 823]
line-58 [171 812 179 812]
line-59 [37 818 44 818]
line-60 [514 1104 526 1099]
line-61 [64 818 73 818]
line-62 [802 808 808 808]
line-63 [1029 1005 1034 1005]
line-64 [1 1081 25 1081]
line-65 [635 799 644 799]
line-66 [252 810 258 810]
line-67 [598 1073 617 1066]
line-68 [960 1007 967 1007]
line-69 [160 812 165 812]
line-70 [1006 1022 1019 1022]
line-71 [530 1098 535 1096]
line-72 [595 913 605 910]
line-73 [530 944 538 939]
line-74 [902 1033 909 1033]
line-75 [909 818 917 818]
line-76 [51 824 58 824]
line-77 [1008 1003 1015 1002]
line-78 [300 1079 314 1079]
line-79 [1054 820 1059 820]
line-80 [391 805 396 805]
line-81 [688 796 693 796]
line-82 [340 1089 359 1089]
line-83 [745 1029 752 1027]
line-84 [971 1006 976 1006]
line-85 [690 1043 697 1041]
line-86 [905 1013 914 1013]
line-87 [259 811 266 811]
line-88 [85 814 93 814]
line-89 [1069 820 1077 820]
line-90 [917 1031 932 1030]
line-91 [760 810 766 810]
line-92 [1003 1006 1008 1006]
line-93 [482 1119 491 1114]
line-94 [748 809 753 809]
line-95 [540 937 545 934]
line-96 [231 809 237 809]
line-97 [525 948 531 944]
line-98 [785 804 791 804]
line-99 [59 823 74 823]
line-100 [208 1085 214 1085]
line-101 [124 1069 132 1069]
