line-0 [304 1079 327 1079]
line-1 [280 1087 315 1087]
line-2 [192 1085 234 1085]
line-3 [658 1052 669 1049]
line-4 [81 1061 109 1061]
line-5 [976 1005 986 1005]
line-6 [45 1074 150 1075]
line-7 [171 812 177 812]
line-8 [103 1068 144 1068]
line-9 [155 1076 211 1076]
line-10 [270 1078 301 1078]
line-11 [340 808 349 808]
line-12 [513 1104 550 1090]
line-13 [230 809 251 809]
line-14 [334 1073 369 1073]
line-15 [691 1042 696 1041]
line-16 [252 810 259 810]
line-17 [217 1077 264 1077]
line-18 [39 1082 67 1082]
line-19 [1032 1001 1057 1000]
line-20 [22 1073 36 1073]
line-21 [96 815 101 815]
line-22 [578 1080 583 1078]
line-23 [750 1027 760 1025]
line-24 [300 809 306 809]
line-25 [140 1062 156 1062]
line-26 [1000 1008 1006 1008]
line-27 [92 1083 153 1083]
line-28 [617 1066 635 1060]
line-29 [275 809 286 809]
line-30 [323 807 329 807]
line-31 [462 808 493 808]
line-32 [885 1016 904 1014]
line-33 [687 796 693 796]
line-34 [20 818 32 818]
line-35 [145 1069 184 1069]
line-36 [328 1080 361 1080]
line-37 [446 805 452 805]
line-38 [398 807 410 807]
line-39 [235 1086 279 1086]
line-40 [11 1073 21 1073]
line-41 [412 805 420 805]
line-42 [775 1021 782 1020]
line-43 [83 814 93 814]
line-44 [987 1004 998 1004]
line-45 [204 811 211 811]
line-46 [111 1061 129 1061]
line-47 [157 1062 192 1062]
line-48 [488 1115 499 1110]
line-49 [538 938 569 922]
line-50 [11 823 21 823]
line-51 [430 806 435 806]
line-52 [1039 1004 1047 1004]
line-53 [154 814 159 814]
line-54 [360 807 365 807]
line-55 [293 810 299 810]
line-56 [160 812 165 812]
line-57 [84 1068 102 1068]
line-58 [6 1081 36 1081]
line-59 [159 1084 181 1084]
line-60 [877 811 885 811]
line-61 [915 1012 920 1012]
line-62 [352 1066 373 1066]
line-63 [48 1067 69 1067]
line-64 [946 1008 955 1008]
line-65 [584 1077 592 1075]
line-66 [921 1011 929 1011]
line-67 [316 1088 342 1088]
line-68 [332 807 339 807]
line-69 [195 810 204 810]
line-70 [64 818 73 818]
line-71 [665 801 670 801]
line-72 [423 807 429 807]
line-73 [1025 1004 1030 1004]
line-74 [999 1003 1011 1003]
line-75 [260 811 265 811]
line-76 [929 814 936 814]
line-77 [503 1109 511 1105]
line-78 [54 823 74 823]
line-79 [671 799 676 799]
line-80 [525 948 537 939]
line-81 [61 1061 80 1060]
line-82 [634 799 645 799]
line-83 [183 810 191 810]
line-84 [1072 999 1079 999]
line-85 [634 795 639 795]
line-86 [343 1089 359 1089]
line-87 [956 1007 966 1007]
line-88 [681 797 686 797]
