line-0 [148 1076 197 1076]
line-1 [89 1083 145 1083]
line-2 [310 1088 328 1088]
line-3 [905 1013 910 1013]
line-4 [350 1066 373 1066]
line-5 [1033 1001 1043 1001]
line-6 [132 1069 177 1069]
line-7 [940 1009 946 1009]
line-8 [259 811 265 811]
line-9 [251 810 258 810]
line-10 [223 809 228 809]
line-11 [523 1100 537 1095]
line-12 [16 1074 37 1074]
line-13 [461 808 493 808]
line-14 [4 1081 26 1081]
line-15 [359 807 364 807]
line-16 [87 1075 104 1075]
line-17 [53 1061 131 1061]
line-18 [204 1077 248 1077]
line-19 [522 1095 528 1093]
line-20 [960 1007 966 1007]
line-21 [1050 1019 1061 1019]
line-22 [323 807 328 807]
line-23 [50 1068 131 1068]
line-24 [671 1048 677 1046]
line-25 [48 1074 86 1074]
line-26 [340 808 350 808]
line-27 [767 1023 774 1022]
line-28 [951 1027 959 1027]
line-29 [230 809 248 809]
line-30 [595 1074 613 1068]
line-31 [256 1086 264 1086]
line-32 [115 821 134 821]
line-33 [1021 822 1035 823]
line-34 [368 806 377 806]
line-35 [688 1043 693 1042]
line-36 [132 1062 192 1062]
line-37 [687 796 693 796]
line-38 [365 1073 370 1073]
line-39 [54 1082 82 1082]
line-40 [180 1085 232 1085]
line-41 [98 815 105 815]
line-42 [281 1078 301 1078]
line-43 [1033 1020 1041 1020]
line-44 [564 925 572 921]
line-45 [412 805 420 805]
line-46 [922 1011 937 1010]
line-47 [204 811 211 811]
line-48 [640 1058 645 1056]
line-49 [506 1107 522 1101]
line-50 [1025 1004 1030 1004]
line-51 [52 818 61 818]
line-52 [335 1080 345 1080]
line-53 [159 1084 179 1084]
line-54 [1001 1008 1012 1007]
line-55 [665 1050 670 1049]
line-56 [16 818 32 818]
line-57 [64 818 73 818]
line-58 [797 807 803 807]
line-59 [405 807 410 807]
line-60 [81 822 87 822]
line-61 [85 814 92 814]
line-62 [559 927 564 924]
line-63 [1001 1022 1018 1022]
line-64 [1060 999 1068 999]
line-65 [890 1022 895 1022]
line-66 [195 810 204 810]
line-67 [349 1073 357 1073]
line-68 [105 1075 147 1075]
line-69 [634 799 644 799]
line-70 [293 810 300 810]
line-71 [58 823 63 823]
line-72 [947 1008 955 1008]
line-73 [976 1005 987 1005]
line-74 [280 809 286 809]
line-75 [573 921 580 918]
line-76 [1018 1004 1024 1004]
line-77 [233 1086 247 1086]
line-78 [279 1087 309 1087]
line-79 [424 807 430 807]
line-80 [993 1023 1000 1023]
line-81 [569 1083 578 1080]
line-82 [716 1036 725 1034]
line-83 [991 1009 1000 1009]
line-84 [536 940 542 936]
line-85 [114 815 127 815]
line-86 [552 931 558 927]
line-87 [1074 999 1079 999]
line-88 [262 1078 276 1078]
line-89 [889 1015 895 1015]
line-90 [482 1119 491 1114]
line-91 [652 1054 658 1052]
line-92 [11 823 21 823]
line-93 [862 1005 874 1005]
line-94 [777 806 782 806]
line-95 [302 1079 325 1079]
line-96 [1039 1004 1047 1004]
line-97 [183 810 188 810]
line-98 [898 1014 904 1014]
line-99 [988 1004 1000 1004]
line-100 [171 812 178 812]
line-101 [681 797 686 797]
line-102 [333 1073 343 1073]
line-103 [960 1026 967 1026]
line-104 [265 1086 277 1086]
line-105 [760 810 765 810]
line-106 [343 1089 359 1089]
line-107 [0 1073 15 1073]
line-108 [332 807 339 807]
line-109 [967 1006 975 1006]
line-110 [1062 1018 1077 1017]
line-111 [326 1080 334 1080]
line-112 [579 1079 586 1077]
line-113 [520 952 526 947]
line-114 [979 1024 985 1024]
line-115 [1019 1021 1024 1021]
line-116 [79 815 84 815]
line-117 [336 1065 349 1065]
