line-0 [258 1078 297 1078]
line-1 [25 1082 58 1082]
line-2 [271 1087 300 1087]
line-3 [525 1099 542 1093]
line-4 [460 808 494 808]
line-5 [349 1066 370 1066]
line-6 [47 1068 87 1068]
line-7 [240 809 249 809]
line-8 [255 811 267 811]
line-9 [718 793 730 793]
line-10 [658 1052 678 1046]
line-11 [116 1062 192 1062]
line-12 [171 1076 181 1076]
line-13 [793 807 803 807]
line-14 [920 1011 927 1011]
line-15 [80 1075 148 1075]
line-16 [120 1069 180 1069]
line-17 [13 1074 79 1074]
line-18 [1054 999 1060 999]
line-19 [0 1081 21 1081]
line-20 [76 1083 130 1083]
line-21 [37 818 45 818]
line-22 [540 937 554 930]
line-23 [189 1077 245 1077]
line-24 [996 1003 1003 1003]
line-25 [492 1113 500 1110]
line-26 [53 1061 115 1061]
line-27 [204 811 212 811]
line-28 [1062 999 1070 999]
line-29 [745 1028 752 1027]
line-30 [187 811 195 811]
line-31 [319 1080 344 1080]
line-32 [182 1076 188 1076]
line-33 [334 1073 369 1073]
line-34 [176 1085 228 1085]
line-35 [401 808 407 808]
line-36 [231 809 236 809]
line-37 [336 808 352 808]
line-38 [503 1108 511 1105]
line-39 [66 823 74 823]
line-40 [769 1023 782 1020]
line-41 [631 1061 646 1056]
line-42 [566 1084 575 1081]
line-43 [306 810 312 810]
line-44 [354 1081 359 1081]
line-45 [634 799 642 799]
line-46 [520 1096 525 1094]
line-47 [887 1016 902 1014]
line-48 [229 1086 270 1086]
line-49 [593 1074 610 1068]
line-50 [52 824 65 824]
line-51 [369 806 378 806]
line-52 [786 804 791 804]
line-53 [301 1088 341 1088]
line-54 [555 929 560 927]
line-55 [744 809 754 809]
line-56 [131 1084 175 1084]
line-57 [411 806 423 806]
line-58 [716 1035 721 1034]
line-59 [1039 1004 1046 1004]
line-60 [5 820 11 820]
line-61 [629 795 638 795]
line-62 [978 1005 984 1005]
line-63 [776 807 781 807]
line-64 [99 815 106 815]
line-65 [565 924 578 919]
line-66 [683 797 688 797]
line-67 [15 818 21 818]
line-68 [595 913 611 909]
line-69 [826 806 831 806]
line-70 [171 812 180 812]
line-71 [954 1007 964 1007]
line-72 [95 1068 113 1068]
line-73 [520 1098 525 1097]
line-74 [319 808 324 808]
line-75 [696 1041 703 1039]
line-76 [482 1118 492 1114]
line-77 [751 812 764 812]
line-78 [879 811 886 811]
line-79 [11 824 21 823]
line-80 [990 1009 998 1009]
line-81 [912 1012 919 1011]
line-82 [1004 1003 1009 1003]
line-83 [298 1079 318 1079]
line-84 [22 819 30 819]
line-85 [60 1082 74 1082]
line-86 [903 1013 908 1013]
line-87 [944 1008 953 1008]
line-88 [517 1102 522 1101]
line-89 [80 815 86 815]
line-90 [0 1073 12 1073]
line-91 [521 952 537 939]
line-92 [623 794 628 794]
line-93 [803 808 809 808]
line-94 [985 1004 995 1004]
line-95 [928 1010 936 1010]
line-96 [705 1038 711 1037]
