line-0 [198 1076 233 1076]
line-1 [302 1087 332 1087]
line-2 [239 1077 271 1077]
line-3 [611 1068 633 1061]
line-4 [1045 1000 1055 1000]
line-5 [946 1008 952 1008]
line-6 [0 1080 15 1080]
line-7 [978 1005 985 1005]
line-8 [24 1073 38 1073]
line-9 [167 1069 182 1069]
line-10 [68 1067 111 1067]
line-11 [131 1061 180 1061]
line-12 [218 1085 226 1085]
line-13 [316 1079 344 1079]
line-14 [21 818 31 818]
line-15 [106 1061 130 1061]
line-16 [16 1081 59 1082]
line-17 [175 811 180 811]
line-18 [54 1073 68 1073]
line-19 [335 1065 372 1065]
line-20 [1039 1004 1045 1004]
line-21 [120 1075 178 1075]
line-22 [997 1003 1002 1003]
line-23 [763 1024 769 1023]
line-24 [112 1068 166 1068]
line-25 [516 1103 545 1092]
line-26 [54 1060 105 1060]
line-27 [729 1032 737 1031]
line-28 [362 1073 369 1073]
line-29 [634 798 641 798]
line-30 [112 1083 170 1083]
line-31 [100 814 106 814]
line-32 [31 817 45 817]
line-33 [65 1082 111 1082]
line-34 [171 1084 213 1084]
line-35 [1060 999 1070 999]
line-36 [346 1088 354 1088]
line-37 [1003 1003 1008 1003]
line-38 [76 1074 119 1074]
line-39 [967 1006 972 1006]
line-40 [681 1045 686 1044]
line-41 [858 1005 875 1005]
line-42 [710 1037 715 1036]
line-43 [51 818 61 818]
line-44 [777 1021 786 1019]
line-45 [802 807 809 807]
line-46 [266 1086 301 1086]
line-47 [336 1072 344 1072]
line-48 [560 1086 565 1085]
line-49 [186 810 195 810]
line-50 [921 1011 927 1011]
line-51 [993 1009 999 1009]
line-52 [1072 820 1079 820]
line-53 [51 823 71 823]
line-54 [572 1082 581 1079]
line-55 [671 1048 680 1045]
line-56 [230 1085 238 1085]
line-57 [811 807 817 807]
line-58 [249 1085 257 1085]
line-59 [1065 819 1071 819]
line-60 [354 1080 362 1080]
line-61 [956 1007 964 1007]
line-62 [287 1078 315 1078]
line-63 [186 1076 196 1076]
line-64 [482 1119 496 1112]
line-65 [775 806 781 806]
line-66 [753 811 760 811]
line-67 [1008 818 1015 818]
line-68 [912 1012 918 1012]
line-69 [703 1039 708 1038]
line-70 [889 1015 903 1014]
line-71 [795 806 802 806]
line-72 [828 805 835 805]
line-73 [65 817 73 817]
line-74 [643 1057 649 1055]
line-75 [354 1073 361 1073]
line-76 [46 1067 67 1067]
line-77 [929 1010 937 1010]
line-78 [80 814 90 814]
line-79 [755 1026 761 1025]
line-80 [616 801 621 801]
line-81 [4 1073 23 1073]
line-82 [93 815 99 815]
