line-0 [53 1074 91 1074]
line-1 [100 1061 155 1061]
line-2 [45 1067 85 1067]
line-3 [101 1083 146 1083]
line-4 [182 810 205 810]
line-5 [381 807 388 807]
line-6 [912 1012 918 1012]
line-7 [361 807 368 807]
line-8 [614 1067 635 1060]
line-9 [766 1023 773 1022]
line-10 [0 1073 14 1073]
line-11 [317 1079 343 1079]
line-12 [1038 1000 1043 1000]
line-13 [936 1009 963 1007]
line-14 [292 1087 317 1087]
line-15 [168 1076 210 1076]
line-16 [494 1112 507 1107]
line-17 [32 817 38 817]
line-18 [411 805 421 805]
line-19 [717 1035 736 1031]
line-20 [223 1085 260 1085]
line-21 [495 807 502 807]
line-22 [54 1082 100 1082]
line-23 [107 1075 164 1075]
line-24 [55 1060 84 1060]
line-25 [14 1081 53 1081]
line-26 [110 1068 150 1068]
line-27 [320 807 329 807]
line-28 [457 807 476 807]
line-29 [549 931 558 927]
line-30 [877 811 884 811]
line-31 [15 817 20 817]
line-32 [589 1076 601 1072]
line-33 [225 1077 281 1077]
line-34 [531 1097 537 1095]
line-35 [822 806 828 806]
line-36 [347 1073 361 1073]
line-37 [234 809 252 809]
line-38 [983 1004 994 1004]
line-39 [85 814 93 814]
line-40 [332 807 340 807]
line-41 [477 808 492 808]
line-42 [399 807 409 807]
line-43 [519 952 531 943]
line-44 [46 1073 52 1073]
line-45 [159 1061 175 1062]
line-46 [1048 1000 1058 999]
line-47 [0 1080 13 1080]
line-48 [167 1084 203 1084]
line-49 [276 809 282 809]
line-50 [1007 1007 1014 1006]
line-51 [973 1005 982 1005]
line-52 [99 1068 109 1068]
line-53 [335 1065 367 1065]
line-54 [354 806 360 806]
line-55 [151 1069 160 1069]
line-56 [562 925 568 922]
line-57 [282 1078 310 1078]
line-58 [51 818 61 818]
line-59 [423 807 428 807]
line-60 [750 811 759 811]
line-61 [549 1090 559 1087]
line-62 [829 805 835 805]
line-63 [487 812 496 812]
line-64 [147 1083 166 1083]
line-65 [346 807 353 807]
line-66 [648 1055 653 1054]
line-67 [1065 999 1073 999]
line-68 [760 810 770 810]
line-69 [21 818 31 818]
line-70 [1070 820 1079 820]
line-71 [680 1045 685 1044]
line-72 [1023 1004 1031 1004]
line-73 [253 810 259 810]
line-74 [536 939 549 932]
line-75 [560 1086 570 1083]
line-76 [903 1013 911 1013]
line-77 [999 1008 1006 1008]
line-78 [864 1005 876 1005]
line-79 [1074 999 1079 999]
line-80 [909 818 917 818]
line-81 [745 1028 750 1027]
line-82 [796 806 801 806]
line-83 [1010 1002 1015 1002]
line-84 [264 1086 291 1086]
line-85 [51 823 73 823]
line-86 [590 914 600 911]
line-87 [329 1088 353 1088]
line-88 [1056 819 1069 819]
line-89 [807 807 817 807]
line-90 [439 805 452 805]
line-91 [176 1062 190 1062]
line-92 [166 1069 184 1069]
line-93 [990 1009 997 1009]
line-94 [929 814 937 814]
line-95 [15 1073 45 1073]
line-96 [176 811 181 811]
line-97 [483 1118 494 1113]
line-98 [775 806 781 806]
line-99 [225 809 231 809]
line-100 [304 809 313 809]
line-101 [206 1085 222 1085]
line-102 [995 1003 1007 1003]
