line-0 [332 807 341 807]
line-1 [305 809 313 809]
line-2 [957 1007 966 1007]
line-3 [333 1072 358 1072]
line-4 [267 1086 299 1086]
line-5 [976 1005 987 1005]
line-6 [100 814 105 814]
line-7 [133 1083 163 1083]
line-8 [621 1065 644 1057]
line-9 [31 1073 62 1073]
line-10 [1033 1001 1043 1001]
line-11 [103 1061 151 1061]
line-12 [458 807 496 807]
line-13 [47 1067 117 1067]
line-14 [754 1026 761 1025]
line-15 [908 1013 913 1013]
line-16 [21 818 32 818]
line-17 [399 807 408 807]
line-18 [198 810 208 810]
line-19 [718 1035 732 1032]
line-20 [352 1065 372 1065]
line-21 [545 1092 551 1090]
line-22 [63 1074 124 1074]
line-23 [1073 999 1079 999]
line-24 [118 1068 159 1068]
line-25 [0 1080 16 1080]
line-26 [807 807 817 807]
line-27 [411 805 422 805]
line-28 [345 807 353 807]
line-29 [117 1083 127 1083]
line-30 [32 817 45 817]
line-31 [793 806 802 806]
line-32 [634 798 641 798]
line-33 [655 1053 664 1051]
line-34 [562 1086 571 1083]
line-35 [63 1082 116 1082]
line-36 [706 1038 712 1037]
line-37 [248 809 253 809]
line-38 [1039 1004 1047 1004]
line-39 [125 1075 169 1075]
line-40 [991 1009 996 1009]
line-41 [671 1048 676 1047]
line-42 [497 1111 510 1106]
line-43 [359 1073 365 1073]
line-44 [354 806 362 806]
line-45 [5 1073 20 1073]
line-46 [17 1081 62 1081]
line-47 [186 810 195 810]
line-48 [290 809 295 809]
line-49 [1053 1000 1061 1000]
line-50 [1018 1004 1027 1004]
line-51 [860 1005 874 1005]
line-52 [15 817 20 817]
line-53 [1055 819 1060 819]
line-54 [487 1116 494 1113]
line-55 [54 1060 102 1060]
line-56 [751 811 763 811]
line-57 [237 1085 266 1085]
line-58 [583 1078 593 1075]
line-59 [947 1008 953 1008]
line-60 [176 811 181 811]
line-61 [573 920 584 916]
line-62 [622 793 628 793]
line-63 [990 1004 998 1004]
line-64 [922 1011 930 1011]
line-65 [1072 820 1079 820]
line-66 [536 939 559 926]
line-67 [677 1046 683 1045]
line-68 [594 912 607 909]
line-69 [254 810 260 810]
line-70 [692 1042 697 1041]
line-71 [748 1028 753 1027]
line-72 [79 814 90 814]
line-73 [305 1087 332 1087]
line-74 [552 1090 557 1088]
line-75 [1001 1008 1012 1007]
line-76 [513 1104 518 1103]
line-77 [320 807 325 807]
line-78 [775 806 780 806]
line-79 [1061 818 1066 818]
line-80 [342 1065 350 1065]
line-81 [369 805 377 805]
line-82 [363 807 368 807]
line-83 [4 819 11 819]
line-84 [157 1061 171 1061]
line-85 [333 1088 352 1088]
line-86 [523 1100 530 1098]
line-87 [879 810 887 810]
line-88 [939 1009 946 1009]
line-89 [642 799 648 799]
line-90 [893 1015 902 1014]
line-91 [1000 1003 1011 1003]
