line-0 [190 1076 231 1076]
line-1 [1000 1003 1008 1003]
line-2 [118 1083 167 1083]
line-3 [912 1012 928 1011]
line-4 [47 1067 77 1067]
line-5 [345 807 353 807]
line-6 [1033 1001 1055 1000]
line-7 [751 811 763 811]
line-8 [289 1078 318 1078]
line-9 [64 1074 130 1074]
line-10 [6 1073 63 1073]
line-11 [105 1061 182 1061]
line-12 [354 806 362 806]
line-13 [100 814 106 814]
line-14 [746 1028 752 1027]
line-15 [196 1084 213 1084]
line-16 [101 1082 117 1082]
line-17 [459 807 513 807]
line-18 [181 810 195 810]
line-19 [506 1107 518 1103]
line-20 [335 1065 365 1065]
line-21 [333 1088 359 1089]
line-22 [399 807 408 807]
line-23 [335 1072 343 1072]
line-24 [652 1054 659 1052]
line-25 [63 1082 100 1082]
line-26 [124 1068 159 1068]
line-27 [776 1021 791 1018]
line-28 [93 815 99 815]
line-29 [305 809 312 809]
line-30 [634 798 641 798]
line-31 [54 1060 104 1060]
line-32 [793 806 802 806]
line-33 [332 807 342 807]
line-34 [446 805 453 805]
line-35 [523 1095 529 1093]
line-36 [929 1010 934 1010]
line-37 [4 819 11 819]
line-38 [17 1081 50 1081]
line-39 [321 1079 339 1079]
line-40 [589 1076 598 1073]
line-41 [232 1077 288 1077]
line-42 [947 1008 955 1008]
line-43 [622 793 628 793]
line-44 [302 1087 332 1087]
line-45 [1000 1008 1007 1008]
line-46 [557 1088 568 1084]
line-47 [15 817 20 817]
line-48 [254 1085 262 1085]
line-49 [31 817 45 817]
line-50 [155 1075 183 1075]
line-51 [411 805 422 805]
line-52 [617 1066 630 1062]
line-53 [271 1086 301 1086]
line-54 [348 1080 363 1080]
line-55 [370 805 377 805]
line-56 [175 811 180 811]
line-57 [1039 1004 1047 1004]
line-58 [534 1096 543 1093]
line-59 [975 1005 986 1005]
line-60 [263 1085 270 1085]
line-61 [1060 818 1066 818]
line-62 [264 810 269 810]
line-63 [775 806 781 806]
line-64 [285 809 294 809]
line-65 [482 1119 495 1112]
line-66 [0 1072 5 1072]
line-67 [59 823 68 823]
line-68 [80 814 86 814]
line-69 [141 1075 149 1075]
line-70 [1016 1005 1026 1004]
line-71 [91 1067 116 1067]
line-72 [363 807 368 807]
line-73 [488 812 496 812]
line-74 [1067 819 1072 819]
line-75 [65 817 73 817]
line-76 [905 1013 910 1013]
line-77 [217 1085 253 1085]
line-78 [864 1005 870 1005]
line-79 [879 810 887 810]
line-80 [683 796 688 796]
line-81 [916 817 924 817]
line-82 [362 1073 369 1073]
line-83 [254 810 260 810]
line-84 [806 807 817 807]
line-85 [21 818 30 818]
line-86 [354 1073 360 1073]
line-87 [320 807 325 807]
line-88 [1073 820 1079 820]
line-89 [938 1009 946 1009]
