line-0 [241 1077 289 1077]
line-1 [54 1060 88 1060]
line-2 [175 1084 213 1084]
line-3 [621 1065 630 1062]
line-4 [320 807 325 807]
line-5 [1048 1000 1059 1000]
line-6 [968 1006 975 1006]
line-7 [47 1067 93 1067]
line-8 [354 806 362 806]
line-9 [722 1034 728 1033]
line-10 [363 807 368 807]
line-11 [64 1074 78 1074]
line-12 [326 1079 344 1079]
line-13 [506 1107 520 1102]
line-14 [305 1087 331 1087]
line-15 [484 807 513 807]
line-16 [122 1068 136 1068]
line-17 [105 1061 176 1061]
line-18 [305 809 313 809]
line-19 [950 1008 956 1008]
line-20 [64 1082 115 1082]
line-21 [5 1073 63 1073]
line-22 [804 1015 816 1013]
line-23 [186 810 195 810]
line-24 [341 1065 373 1065]
line-25 [332 807 342 807]
line-26 [521 1099 529 1096]
line-27 [489 1115 497 1112]
line-28 [534 1096 540 1094]
line-29 [738 1030 745 1029]
line-30 [1073 1003 1079 1003]
line-31 [100 814 106 814]
line-32 [869 1005 874 1005]
line-33 [271 1086 304 1086]
line-34 [240 808 248 808]
line-35 [369 805 377 805]
line-36 [1073 999 1079 999]
line-37 [131 1075 188 1075]
line-38 [342 1072 350 1072]
line-39 [679 1046 686 1044]
line-40 [137 1068 153 1068]
line-41 [913 1012 918 1012]
line-42 [4 819 11 819]
line-43 [254 810 268 810]
line-44 [117 1083 174 1083]
line-45 [793 806 802 806]
line-46 [654 1054 660 1052]
line-47 [391 804 396 804]
line-48 [0 1080 16 1080]
line-49 [189 1076 233 1076]
line-50 [232 1085 270 1085]
line-51 [634 798 641 798]
line-52 [1002 1008 1007 1008]
line-53 [977 1005 995 1004]
line-54 [938 1009 943 1009]
line-55 [1060 818 1066 818]
line-56 [17 1081 63 1081]
line-57 [176 811 181 811]
line-58 [94 1067 118 1067]
line-59 [541 1093 548 1091]
line-60 [687 1044 693 1042]
line-61 [751 811 761 811]
line-62 [79 1074 127 1074]
line-63 [886 1016 912 1013]
line-64 [334 1088 358 1088]
line-65 [399 807 408 807]
line-66 [348 1080 364 1080]
line-67 [697 1041 704 1039]
line-68 [772 1022 778 1021]
line-69 [746 1028 753 1027]
line-70 [483 1118 489 1116]
line-71 [411 805 418 805]
line-72 [31 817 45 817]
line-73 [198 810 208 810]
line-74 [999 1003 1012 1003]
line-75 [921 1011 930 1011]
line-76 [459 807 483 807]
line-77 [775 806 780 806]
line-78 [290 1078 318 1078]
line-79 [802 807 811 807]
line-80 [520 1101 531 1097]
line-81 [812 807 817 807]
line-82 [169 1069 184 1069]
line-83 [779 1020 793 1018]
line-84 [957 1007 966 1007]
line-85 [623 793 628 793]
line-86 [345 807 353 807]
line-87 [15 817 20 817]
line-88 [562 1086 572 1082]
line-89 [632 794 637 794]
line-90 [827 805 835 805]
line-91 [828 1010 836 1009]
line-92 [1073 820 1079 820]
line-93 [94 1060 104 1060]
line-94 [931 1010 937 1010]
line-95 [155 1068 162 1068]
line-96 [992 1009 998 1009]
line-97 [797 1017 803 1015]
line-98 [286 809 295 809]
line-99 [362 1073 369 1073]
