line-0 [1318 662 1340 662]
line-1 [777 668 786 668]
line-2 [1530 637 1545 637]
line-3 [717 674 722 674]
line-4 [1407 653 1420 653]
line-5 [1638 636 1659 636]
line-6 [1235 664 1240 664]
line-7 [668 667 688 668]
line-8 [1198 663 1206 663]
line-9 [928 670 940 670]
line-10 [1488 654 1494 654]
line-11 [823 677 833 677]
line-12 [732 668 739 668]
line-13 [520 670 538 670]
line-14 [831 669 844 669]
line-15 [1168 666 1175 666]
line-16 [499 669 519 669]
line-17 [1190 665 1197 665]
line-18 [1606 657 1611 657]
line-19 [866 671 887 671]
line-20 [971 670 976 670]
line-21 [1689 635 1694 635]
line-22 [951 670 963 670]
line-23 [753 668 760 668]
line-24 [1411 647 1422 646]
line-25 [821 670 831 670]
line-26 [564 667 569 667]
line-27 [932 675 941 675]
line-28 [593 664 602 664]
line-29 [1337 669 1351 669]
line-30 [627 666 635 666]
line-31 [498 658 503 658]
line-32 [1577 638 1601 638]
line-33 [1415 668 1430 668]
line-34 [470 657 476 657]
line-35 [1004 667 1011 667]
line-36 [617 663 623 663]
line-37 [901 727 901 687]
line-38 [1744 635 1750 635]
line-39 [1850 629 1869 629]
line-40 [1347 664 1364 663]
line-41 [576 663 586 663]
line-42 [1495 653 1505 653]
line-43 [965 668 972 668]
line-44 [1426 653 1437 653]
line-45 [518 660 538 660]
line-46 [636 669 647 669]
line-47 [1176 665 1181 665]
line-48 [1720 633 1725 633]
line-49 [865 676 871 676]
line-50 [1629 624 1635 624]
line-51 [488 717 514 749]
line-52 [542 666 563 666]
line-53 [1150 665 1155 665]
line-54 [1345 661 1363 661]
line-55 [1471 647 1482 647]
line-56 [1680 639 1686 639]
line-57 [478 668 498 668]
line-58 [1159 665 1167 665]
line-59 [726 677 739 677]
line-60 [702 668 709 668]
line-61 [633 673 644 673]
line-62 [1697 643 1703 643]
line-63 [623 668 635 668]
line-64 [1392 656 1399 656]
line-65 [1431 667 1436 667]
line-66 [866 678 871 678]
line-67 [992 668 1004 668]
line-68 [943 791 965 794]
line-69 [650 666 661 666]
line-70 [1270 661 1281 661]
line-71 [892 763 892 756]
line-72 [506 660 517 661]
line-73 [632 671 646 671]
line-74 [901 778 901 743]
line-75 [1871 630 1876 630]
line-76 [520 672 538 672]
line-77 [876 676 881 676]
line-78 [1515 636 1521 636]
line-79 [1675 644 1681 644]
line-80 [1508 635 1514 635]
line-81 [1335 667 1348 667]
line-82 [1393 668 1408 668]
line-83 [896 731 896 725]
line-84 [1834 626 1839 626]
line-85 [853 679 863 679]
line-86 [1019 668 1025 668]
line-87 [1675 646 1686 646]
line-88 [1241 662 1252 662]
line-89 [705 676 713 676]
line-90 [622 670 629 670]
line-91 [1668 658 1673 658]
line-92 [811 668 820 668]
line-93 [916 787 936 789]
line-94 [1850 624 1855 624]
line-95 [903 668 910 668]
line-96 [890 781 890 774]
line-97 [1561 637 1566 637]
line-98 [1409 667 1414 667]
line-99 [1623 624 1628 624]
line-100 [1298 663 1317 663]
line-101 [1302 501 1320 528]
line-102 [744 668 749 668]
line-103 [893 752 893 746]
line-104 [911 670 916 670]
line-105 [894 745 894 740]
line-106 [826 674 834 674]
line-107 [1568 639 1576 639]
line-108 [1769 626 1782 626]
line-109 [539 671 551 671]
line-110 [764 667 771 667]
line-111 [1517 640 1523 640]
line-112 [1370 660 1376 660]
line-113 [713 667 718 667]
line-114 [1491 651 1506 651]
line-115 [1687 643 1696 643]
line-116 [1577 658 1585 658]
line-117 [1182 664 1189 664]
line-118 [1381 660 1388 660]
line-119 [552 662 559 662]
line-120 [800 666 810 666]
line-121 [1577 656 1582 656]
line-122 [891 771 891 764]
line-123 [1392 658 1397 658]
line-124 [895 739 895 732]
line-125 [1612 624 1621 624]
line-126 [849 669 854 669]
line-127 [602 665 607 665]
line-128 [896 718 897 709]
line-129 [446 656 451 656]
line-130 [468 667 477 667]
line-131 [690 672 695 672]
line-132 [1522 663 1528 663]
line-133 [790 668 795 668]
line-134 [1438 653 1445 653]
line-135 [944 677 950 677]
