line-0 [1298 663 1320 663]
line-1 [1676 644 1688 644]
line-2 [1669 645 1675 645]
line-3 [1393 668 1410 668]
line-4 [811 668 820 668]
line-5 [649 666 658 666]
line-6 [1345 661 1365 661]
line-7 [764 667 771 667]
line-8 [539 671 551 671]
line-9 [592 664 601 664]
line-10 [477 658 484 658]
line-11 [499 669 519 669]
line-12 [744 668 749 668]
line-13 [1492 651 1506 651]
line-14 [1583 638 1601 638]
line-15 [1840 627 1847 627]
line-16 [518 660 531 660]
line-17 [624 668 635 668]
line-18 [1646 636 1660 636]
line-19 [1521 637 1526 637]
line-20 [721 668 728 668]
line-21 [1241 662 1252 662]
line-22 [1421 654 1426 654]
line-23 [1425 646 1440 646]
line-24 [901 729 901 687]
line-25 [1519 640 1524 640]
line-26 [478 668 498 668]
line-27 [1536 637 1546 637]
line-28 [800 666 810 666]
line-29 [881 677 890 677]
line-30 [543 666 565 666]
line-31 [700 667 706 667]
line-32 [1872 630 1877 630]
line-33 [831 669 845 669]
line-34 [576 663 586 663]
line-35 [633 671 646 671]
line-36 [1352 663 1364 663]
line-37 [826 674 834 674]
line-38 [1744 635 1752 635]
line-39 [821 670 831 670]
line-40 [1321 662 1340 662]
line-41 [1625 624 1635 624]
line-42 [1190 665 1197 665]
line-43 [941 790 946 790]
line-44 [1164 674 1172 674]
line-45 [1199 663 1206 663]
line-46 [520 670 538 670]
line-47 [1846 629 1871 629]
line-48 [933 675 940 675]
line-49 [958 675 963 675]
line-50 [468 667 477 667]
line-51 [1004 667 1011 667]
line-52 [778 668 783 668]
line-53 [714 667 720 667]
line-54 [1676 646 1687 646]
line-55 [1442 645 1456 645]
line-56 [1546 641 1555 641]
line-57 [928 670 937 670]
line-58 [1332 667 1340 667]
line-59 [1189 676 1201 676]
line-60 [679 668 687 668]
line-61 [894 746 895 733]
line-62 [1473 647 1483 647]
line-63 [1392 658 1397 658]
line-64 [901 755 901 783]
line-65 [1408 653 1420 653]
line-66 [867 678 872 678]
line-67 [991 798 996 798]
line-68 [622 670 632 670]
line-69 [987 665 992 665]
line-70 [1231 665 1236 665]
line-71 [636 669 646 669]
line-72 [560 663 565 663]
line-73 [1434 653 1451 652]
line-74 [1561 637 1566 637]
line-75 [911 670 916 670]
line-76 [995 668 1004 668]
line-77 [520 672 538 672]
line-78 [952 670 963 670]
line-79 [1381 660 1391 660]
line-80 [1270 661 1286 661]
line-81 [945 677 951 677]
line-82 [1411 647 1420 647]
line-83 [1577 638 1582 638]
line-84 [865 671 879 671]
line-85 [896 724 896 719]
line-86 [1707 634 1714 634]
line-87 [1472 645 1481 645]
line-88 [929 788 940 789]
line-89 [1336 669 1346 669]
line-90 [1509 635 1516 635]
line-91 [814 676 821 676]
line-92 [807 674 813 674]
line-93 [1488 654 1497 654]
line-94 [677 673 682 673]
line-95 [897 717 897 709]
line-96 [1333 665 1343 665]
line-97 [629 666 635 666]
line-98 [617 663 623 663]
line-99 [920 786 928 787]
line-100 [1680 639 1686 639]
line-101 [900 668 910 668]
line-102 [489 718 504 735]
line-103 [1370 660 1375 660]
line-104 [1568 639 1576 639]
line-105 [1638 636 1645 636]
line-106 [753 668 760 668]
line-107 [1690 635 1695 635]
line-108 [733 674 738 674]
line-109 [732 668 739 668]
line-110 [470 657 476 657]
line-111 [891 773 891 766]
line-112 [1499 653 1506 653]
line-113 [1850 624 1855 624]
line-114 [1019 668 1026 668]
line-115 [1182 664 1189 664]
line-116 [1689 643 1708 643]
line-117 [1392 656 1399 656]
line-118 [1176 665 1181 665]
line-119 [601 665 606 665]
line-120 [669 667 678 667]
line-121 [552 662 559 662]
line-122 [880 671 887 671]
line-123 [1770 626 1782 626]
line-124 [1615 624 1621 624]
line-125 [901 739 901 754]
line-126 [1167 666 1175 666]
line-127 [960 793 967 794]
line-128 [1169 676 1181 676]
line-129 [897 708 898 698]
line-130 [690 672 696 672]
line-131 [506 660 514 660]
line-132 [973 670 980 670]
line-133 [1151 677 1156 677]
line-134 [1313 514 1322 527]
line-135 [790 668 796 668]
line-136 [910 673 916 673]
line-137 [850 669 860 669]
line-138 [501 733 510 742]
