line-0 [1281 678 1335 678]
line-1 [1414 668 1426 668]
line-2 [1004 667 1011 667]
line-3 [911 673 916 673]
line-4 [1429 654 1448 653]
line-5 [518 660 535 660]
line-6 [1914 631 1919 631]
line-7 [1336 678 1352 678]
line-8 [633 671 647 671]
line-9 [1348 661 1366 661]
line-10 [1298 663 1319 663]
line-11 [1199 663 1206 663]
line-12 [800 666 808 666]
line-13 [1337 669 1352 669]
line-14 [1585 638 1602 638]
line-15 [1177 665 1182 665]
line-16 [1075 668 1082 668]
line-17 [1058 667 1074 667]
line-18 [1771 626 1783 626]
line-19 [543 666 564 666]
line-20 [950 670 963 670]
line-21 [1858 629 1870 629]
line-22 [495 658 504 658]
line-23 [1530 637 1546 637]
line-24 [1119 668 1126 668]
line-25 [633 673 643 673]
line-26 [1805 629 1817 629]
line-27 [1472 645 1480 645]
line-28 [622 670 632 670]
line-29 [1159 665 1167 665]
line-30 [901 781 901 737]
line-31 [896 730 896 722]
line-32 [1189 676 1201 676]
line-33 [468 667 500 668]
line-34 [815 676 822 676]
line-35 [1232 677 1280 677]
line-36 [506 660 513 660]
line-37 [1168 666 1176 666]
line-38 [826 674 834 674]
line-39 [1430 646 1443 646]
line-40 [1080 675 1086 675]
line-41 [586 662 591 662]
line-42 [592 664 602 664]
line-43 [831 669 845 669]
line-44 [823 677 842 676]
line-45 [1271 661 1281 661]
line-46 [1689 643 1710 643]
line-47 [1569 639 1577 639]
line-48 [1638 636 1660 636]
line-49 [870 677 875 677]
line-50 [1509 635 1516 635]
line-51 [1547 641 1556 641]
line-52 [1083 669 1090 669]
line-53 [1489 654 1494 654]
line-54 [1471 647 1482 647]
line-55 [1241 662 1252 662]
line-56 [638 669 646 669]
line-57 [576 663 585 663]
line-58 [1019 668 1026 668]
line-59 [892 763 893 748]
line-60 [942 676 949 676]
line-61 [1689 645 1696 645]
line-62 [1149 665 1155 665]
line-63 [624 668 637 668]
line-64 [1151 677 1156 677]
line-65 [900 668 910 668]
line-66 [491 715 508 737]
line-67 [1850 624 1856 624]
line-68 [929 670 943 670]
line-69 [1495 651 1502 651]
line-70 [877 671 887 671]
line-71 [764 667 770 667]
line-72 [932 675 940 675]
line-73 [1389 668 1408 668]
line-74 [521 670 539 670]
line-75 [1721 633 1726 633]
line-76 [502 669 520 669]
line-77 [1613 624 1635 624]
line-78 [1495 636 1500 635]
line-79 [999 668 1004 668]
line-80 [1320 662 1340 662]
line-81 [1183 664 1190 664]
line-82 [1901 628 1906 628]
line-83 [1561 637 1567 637]
line-84 [1482 646 1487 646]
line-85 [1681 639 1687 639]
line-86 [531 663 537 663]
line-87 [1690 635 1696 635]
line-88 [1578 638 1584 638]
line-89 [824 670 831 670]
line-90 [880 677 888 677]
line-91 [1282 661 1289 661]
line-92 [614 673 629 673]
line-93 [1414 653 1419 653]
line-94 [1488 652 1494 652]
line-95 [1711 634 1721 634]
line-96 [778 668 783 668]
line-97 [735 778 744 778]
line-98 [848 676 855 676]
line-99 [1745 635 1752 635]
line-100 [477 658 484 658]
line-101 [865 671 875 671]
line-102 [901 691 901 711]
line-103 [811 668 818 668]
line-104 [456 655 461 655]
line-105 [898 705 898 698]
line-106 [1191 665 1197 665]
line-107 [1392 656 1400 656]
line-108 [552 662 560 662]
line-109 [806 674 813 674]
line-110 [607 362 619 357]
line-111 [540 671 551 671]
line-112 [753 668 760 668]
line-113 [1359 663 1364 663]
line-114 [980 676 985 676]
line-115 [1408 648 1423 647]
line-116 [1132 668 1138 668]
line-117 [1522 637 1527 637]
line-118 [1835 626 1842 626]
line-119 [1331 670 1336 670]
line-120 [891 773 891 768]
line-121 [1524 663 1529 663]
line-122 [628 666 636 666]
line-123 [1183 675 1188 675]
line-124 [711 780 717 780]
line-125 [1843 627 1848 627]
line-126 [1676 646 1688 646]
line-127 [895 740 895 734]
line-128 [902 782 908 782]
line-129 [912 670 917 670]
line-130 [1498 653 1506 653]
line-131 [1670 645 1675 645]
