line-0 [1424 646 1442 646]
line-1 [1712 634 1721 634]
line-2 [811 668 820 668]
line-3 [768 676 804 676]
line-4 [1530 637 1546 637]
line-5 [676 673 682 673]
line-6 [649 666 660 666]
line-7 [928 676 933 676]
line-8 [1577 638 1601 638]
line-9 [865 671 887 671]
line-10 [719 668 727 668]
line-11 [518 660 526 660]
line-12 [821 670 831 670]
line-13 [644 674 650 674]
line-14 [836 676 852 676]
line-15 [1332 662 1340 662]
line-16 [1745 635 1751 635]
line-17 [876 676 887 676]
line-18 [1871 630 1876 630]
line-19 [1199 663 1206 663]
line-20 [1413 653 1420 653]
line-21 [1495 653 1506 653]
line-22 [636 669 647 669]
line-23 [901 782 901 738]
line-24 [1335 667 1345 667]
line-25 [1338 669 1345 669]
line-26 [1279 661 1286 661]
line-27 [790 668 795 668]
line-28 [764 667 771 667]
line-29 [800 666 810 666]
line-30 [900 668 910 668]
line-31 [610 673 628 673]
line-32 [854 679 871 678]
line-33 [1612 624 1622 624]
line-34 [939 789 944 789]
line-35 [479 668 499 668]
line-36 [930 670 940 670]
line-37 [576 663 586 663]
line-38 [601 665 607 665]
line-39 [1850 624 1856 624]
line-40 [1469 646 1478 645]
line-41 [1353 661 1366 661]
line-42 [1430 653 1444 653]
line-43 [623 668 635 668]
line-44 [1183 664 1189 664]
line-45 [1842 627 1847 627]
line-46 [1472 647 1482 647]
line-47 [1675 646 1687 646]
line-48 [952 670 963 670]
line-49 [1353 663 1363 663]
line-50 [1852 629 1870 629]
line-51 [1804 629 1815 629]
line-52 [945 789 951 790]
line-53 [1488 654 1493 654]
line-54 [592 664 601 664]
line-55 [468 667 478 667]
line-56 [1241 662 1252 662]
line-57 [500 669 517 669]
line-58 [1770 626 1782 626]
line-59 [1914 631 1919 631]
line-60 [1412 647 1420 647]
line-61 [622 670 629 670]
line-62 [1651 636 1660 636]
line-63 [911 673 916 673]
line-64 [896 729 896 721]
line-65 [823 677 835 677]
line-66 [901 727 901 693]
line-67 [1270 661 1278 661]
line-68 [977 795 987 796]
line-69 [633 673 643 673]
line-70 [1317 662 1330 662]
line-71 [1019 668 1025 668]
line-72 [627 666 634 666]
line-73 [826 674 834 674]
line-74 [563 667 569 667]
line-75 [1492 651 1501 651]
line-76 [850 669 860 669]
line-77 [744 668 749 668]
line-78 [531 663 537 663]
line-79 [1689 643 1708 643]
line-80 [892 765 892 758]
line-81 [1689 635 1695 635]
line-82 [1057 667 1066 667]
line-83 [498 728 514 747]
line-84 [831 669 845 669]
line-85 [680 668 687 668]
line-86 [1207 665 1214 665]
line-87 [713 667 718 667]
line-88 [920 786 931 787]
line-89 [617 663 623 663]
line-90 [1730 630 1736 630]
line-91 [506 660 514 660]
line-92 [941 671 948 671]
line-93 [1680 639 1686 639]
line-94 [1819 629 1824 629]
line-95 [727 677 734 677]
line-96 [476 658 483 658]
line-97 [1561 637 1567 637]
line-98 [1569 639 1577 639]
line-99 [1448 645 1456 645]
line-100 [1301 663 1313 663]
line-101 [1049 667 1054 667]
line-102 [594 674 601 674]
line-103 [1515 636 1521 636]
line-104 [555 662 560 662]
line-105 [704 676 712 676]
line-106 [894 746 894 741]
line-107 [1638 636 1645 636]
line-108 [633 671 646 671]
line-109 [527 660 534 660]
line-110 [669 667 679 667]
line-111 [996 668 1004 668]
line-112 [1856 623 1861 623]
line-113 [1392 656 1399 656]
line-114 [814 676 821 676]
line-115 [691 672 696 672]
line-116 [518 670 538 670]
line-117 [1370 660 1375 660]
line-118 [544 666 552 666]
line-119 [1190 665 1197 665]
line-120 [898 706 898 698]
line-121 [891 773 891 768]
line-122 [1669 658 1674 658]
line-123 [1690 645 1695 645]
line-124 [912 785 919 786]
line-125 [541 662 546 662]
line-126 [1345 661 1352 661]
line-127 [1004 667 1011 667]
line-128 [689 666 694 666]
line-129 [732 668 739 668]
line-130 [932 788 937 788]
line-131 [1391 668 1396 667]
line-132 [1627 624 1635 624]
line-133 [721 676 726 677]
line-134 [883 781 889 781]
line-135 [700 667 705 667]
line-136 [917 669 922 669]
line-137 [1230 665 1236 665]
line-138 [753 668 760 668]
line-139 [1680 644 1688 644]
line-140 [1327 533 1332 541]
line-141 [553 666 562 666]
