line-0 [1333 667 1353 667]
line-1 [715 667 722 667]
line-2 [1865 626 1871 626]
line-3 [1416 668 1426 668]
line-4 [550 666 566 666]
line-5 [1084 669 1089 669]
line-6 [992 668 1004 668]
line-7 [669 667 685 667]
line-8 [627 666 638 666]
line-9 [551 662 565 662]
line-10 [865 671 887 671]
line-11 [1300 663 1311 663]
line-12 [701 667 706 667]
line-13 [929 670 941 670]
line-14 [1411 647 1421 647]
line-15 [849 669 860 669]
line-16 [739 667 744 667]
line-17 [468 667 484 667]
line-18 [1711 633 1717 633]
line-19 [910 673 916 673]
line-20 [777 668 786 668]
line-21 [865 676 874 676]
line-22 [951 670 963 670]
line-23 [633 671 647 671]
line-24 [901 780 901 742]
line-25 [1422 653 1428 653]
line-26 [1896 628 1907 628]
line-27 [1721 633 1727 633]
line-28 [1312 662 1339 662]
line-29 [898 668 904 668]
line-30 [580 663 585 663]
line-31 [1335 669 1352 669]
line-32 [1670 646 1685 646]
line-33 [506 660 514 660]
line-34 [1068 667 1076 667]
line-35 [586 662 591 662]
line-36 [643 666 657 666]
line-37 [622 670 630 670]
line-38 [524 672 558 671]
line-39 [1077 668 1083 668]
line-40 [1639 636 1651 636]
line-41 [906 668 911 668]
line-42 [1491 651 1501 651]
line-43 [955 790 963 791]
line-44 [549 673 558 673]
line-45 [1432 653 1440 653]
line-46 [1629 624 1635 624]
line-47 [628 668 637 668]
line-48 [505 669 522 669]
line-49 [1908 629 1914 629]
line-50 [1343 661 1370 661]
line-51 [1578 638 1589 638]
line-52 [697 674 707 674]
line-53 [891 772 892 757]
line-54 [896 729 896 720]
line-55 [1690 635 1695 635]
line-56 [518 660 538 660]
line-57 [821 670 832 669]
line-58 [969 792 983 794]
line-59 [1120 668 1126 668]
line-60 [523 670 541 670]
line-61 [966 668 973 668]
line-62 [1491 653 1503 653]
line-63 [1020 668 1026 668]
line-64 [1677 644 1697 643]
line-65 [638 669 648 669]
line-66 [1813 628 1821 628]
line-67 [745 668 750 668]
line-68 [764 667 772 667]
line-69 [824 675 832 675]
line-70 [974 670 980 670]
line-71 [1891 627 1896 627]
line-72 [928 676 933 676]
line-73 [485 668 504 668]
line-74 [1415 653 1421 653]
line-75 [1107 667 1113 667]
line-76 [1338 665 1344 665]
line-77 [1476 644 1486 644]
line-78 [800 666 811 666]
line-79 [733 668 738 668]
line-80 [1473 647 1481 647]
line-81 [1090 668 1095 668]
line-82 [899 699 899 692]
line-83 [1805 629 1812 629]
line-84 [658 665 666 665]
line-85 [1673 642 1678 642]
line-86 [1563 637 1569 637]
line-87 [901 686 901 704]
line-88 [1556 666 1575 666]
line-89 [987 665 992 665]
line-90 [1570 639 1577 639]
line-91 [1001 798 1014 800]
line-92 [1852 623 1863 623]
line-93 [943 676 953 676]
line-94 [1755 629 1761 629]
line-95 [633 673 646 673]
line-96 [865 678 872 678]
line-97 [1593 637 1605 637]
line-98 [1540 660 1546 660]
line-99 [902 732 902 741]
line-100 [1771 626 1776 626]
line-101 [673 675 680 675]
line-102 [593 664 602 664]
line-103 [1510 635 1517 635]
line-104 [1355 575 1361 588]
line-105 [1371 660 1377 660]
line-106 [1408 653 1414 653]
line-107 [502 729 508 736]
line-108 [1549 659 1556 659]
line-109 [933 675 942 675]
line-110 [1681 639 1686 639]
line-111 [834 669 841 669]
line-112 [1004 667 1012 667]
line-113 [689 666 695 666]
line-114 [531 663 537 663]
line-115 [493 716 502 727]
line-116 [892 756 893 751]
line-117 [718 674 723 674]
line-118 [1396 668 1404 668]
line-119 [1357 663 1362 663]
line-120 [1058 667 1064 667]
line-121 [471 657 476 657]
line-122 [895 741 895 735]
line-123 [907 782 914 783]
line-124 [917 669 922 669]
line-125 [509 737 514 743]
line-126 [1132 668 1138 668]
line-127 [1832 621 1837 621]
line-128 [1703 642 1711 642]
line-129 [791 668 799 668]
line-130 [1301 767 1317 767]
