line-0 [901 668 910 668]
line-1 [764 667 771 667]
line-2 [996 668 1005 668]
line-3 [1058 667 1074 667]
line-4 [670 667 680 667]
line-5 [710 667 719 667]
line-6 [1132 668 1139 668]
line-7 [1168 666 1174 666]
line-8 [831 669 845 669]
line-9 [753 668 760 668]
line-10 [601 673 635 673]
line-11 [952 670 962 670]
line-12 [1346 661 1360 661]
line-13 [1579 638 1591 638]
line-14 [1597 638 1603 638]
line-15 [624 668 640 668]
line-16 [676 673 682 673]
line-17 [1150 665 1155 665]
line-18 [701 667 706 667]
line-19 [791 668 799 668]
line-20 [567 672 584 672]
line-21 [866 671 888 671]
line-22 [1325 670 1338 670]
line-23 [823 677 835 677]
line-24 [1432 653 1449 653]
line-25 [1369 661 1376 660]
line-26 [501 669 519 669]
line-27 [1472 647 1481 647]
line-28 [1562 637 1568 637]
line-29 [1806 629 1816 629]
line-30 [1639 636 1652 636]
line-31 [1531 637 1545 637]
line-32 [468 667 480 667]
line-33 [1409 653 1419 653]
line-34 [1854 629 1872 629]
line-35 [520 660 539 660]
line-36 [540 671 552 671]
line-37 [543 666 565 666]
line-38 [1010 801 1023 803]
line-39 [865 676 871 676]
line-40 [1626 624 1636 624]
line-41 [1497 653 1503 653]
line-42 [814 676 821 676]
line-43 [1902 628 1908 628]
line-44 [1391 668 1399 668]
line-45 [1358 663 1365 663]
line-46 [644 666 660 666]
line-47 [1339 667 1346 667]
line-48 [506 660 512 660]
line-49 [1318 662 1330 662]
line-50 [556 668 564 668]
line-51 [901 729 901 716]
line-52 [1570 639 1578 639]
line-53 [897 716 898 700]
line-54 [1075 668 1082 668]
line-55 [1682 639 1688 639]
line-56 [532 663 537 663]
line-57 [717 674 723 674]
line-58 [896 733 896 725]
line-59 [1119 668 1127 668]
line-60 [681 668 688 668]
line-61 [577 663 586 663]
line-62 [1709 634 1716 634]
line-63 [1005 667 1011 667]
line-64 [1722 633 1727 633]
line-65 [520 670 538 670]
line-66 [791 676 805 676]
line-67 [1776 626 1784 626]
line-68 [636 673 645 673]
line-69 [933 675 941 675]
line-70 [632 670 643 671]
line-71 [1000 799 1006 800]
line-72 [1413 647 1421 647]
line-73 [1160 665 1167 665]
line-74 [673 675 679 675]
line-75 [1510 635 1517 635]
line-76 [1691 643 1711 643]
line-77 [641 669 647 669]
line-78 [1302 663 1315 663]
line-79 [978 676 986 676]
line-80 [901 776 901 742]
line-81 [1020 668 1026 668]
line-82 [622 670 629 670]
line-83 [1520 640 1525 640]
line-84 [989 797 999 798]
line-85 [823 670 831 670]
line-86 [592 664 601 664]
line-87 [1420 654 1431 654]
line-88 [1675 646 1689 646]
line-89 [1489 652 1495 652]
line-90 [901 689 901 703]
line-91 [800 666 811 666]
line-92 [1653 636 1662 636]
line-93 [935 788 940 788]
line-94 [492 721 502 733]
line-95 [522 672 539 672]
line-96 [1336 662 1341 662]
line-97 [892 763 892 757]
line-98 [1083 669 1090 669]
line-99 [1491 654 1496 654]
line-100 [827 674 834 674]
line-101 [1400 668 1409 668]
line-102 [628 666 636 666]
line-103 [1746 635 1752 635]
line-104 [807 674 812 674]
line-105 [1732 630 1737 630]
line-106 [682 674 687 674]
line-107 [1717 634 1722 634]
line-108 [768 676 780 676]
line-109 [691 672 696 672]
line-110 [601 665 606 665]
line-111 [976 794 983 795]
line-112 [912 673 917 673]
line-113 [1858 623 1863 623]
line-114 [585 672 600 672]
line-115 [893 754 893 749]
line-116 [488 668 498 668]
line-117 [1350 664 1355 664]
line-118 [778 668 787 668]
line-119 [1449 645 1454 645]
line-120 [930 670 941 670]
line-121 [836 676 844 676]
line-122 [500 732 511 745]
line-123 [1393 658 1398 658]
line-124 [1837 626 1843 626]
line-125 [1691 635 1697 635]
line-126 [745 668 750 668]
line-127 [470 657 476 657]
line-128 [945 677 952 677]
line-129 [1548 641 1556 641]
line-130 [954 791 971 793]
line-131 [1339 669 1353 669]
line-132 [661 665 666 665]
line-133 [720 668 728 668]
line-134 [618 663 623 663]
line-135 [1680 644 1688 644]
line-136 [1397 656 1404 655]
line-137 [1364 594 1367 602]
line-138 [1852 624 1857 624]
line-139 [728 667 733 667]
line-140 [845 670 850 670]
line-141 [899 697 899 690]
line-142 [902 715 902 708]
line-143 [1304 768 1322 768]
line-144 [1496 651 1508 651]
line-145 [850 669 855 669]
line-146 [552 662 560 662]
line-147 [1844 627 1849 627]
line-148 [1614 624 1620 624]
