line-0 [1551 659 1559 659]
line-1 [1416 668 1427 668]
line-2 [1565 657 1575 657]
line-3 [541 671 558 671]
line-4 [930 670 962 670]
line-5 [1432 646 1442 646]
line-6 [1410 667 1415 667]
line-7 [1690 643 1704 643]
line-8 [1776 626 1784 626]
line-9 [904 677 909 677]
line-10 [1523 637 1528 637]
line-11 [601 673 621 673]
line-12 [628 666 636 666]
line-13 [1176 665 1182 665]
line-14 [900 668 910 668]
line-15 [669 667 675 667]
line-16 [824 677 835 677]
line-17 [1346 661 1366 661]
line-18 [631 668 640 668]
line-19 [1235 664 1241 664]
line-20 [1084 669 1090 669]
line-21 [1596 638 1602 638]
line-22 [1131 668 1139 668]
line-23 [1814 628 1821 628]
line-24 [865 676 872 676]
line-25 [592 664 606 665]
line-26 [659 665 666 665]
line-27 [577 663 586 663]
line-28 [483 668 500 668]
line-29 [917 669 922 669]
line-30 [1183 664 1189 664]
line-31 [1480 644 1486 644]
line-32 [1427 653 1440 653]
line-33 [933 675 941 675]
line-34 [1107 667 1113 667]
line-35 [791 668 796 668]
line-36 [901 702 901 686]
line-37 [468 667 482 667]
line-38 [800 666 811 666]
line-39 [1836 626 1843 626]
line-40 [1449 645 1457 645]
line-41 [1857 629 1873 628]
line-42 [928 676 933 676]
line-43 [573 672 600 672]
line-44 [821 670 831 670]
line-45 [992 668 1004 668]
line-46 [831 669 845 669]
line-47 [1475 647 1483 647]
line-48 [1058 667 1065 667]
line-49 [836 676 852 676]
line-50 [1412 647 1417 647]
line-51 [1319 662 1341 662]
line-52 [1578 638 1591 638]
line-53 [1299 663 1318 663]
line-54 [1513 640 1521 640]
line-55 [902 717 902 703]
line-56 [1717 634 1722 634]
line-57 [1337 669 1352 669]
line-58 [1271 661 1286 661]
line-59 [1651 636 1661 636]
line-60 [548 666 567 666]
line-61 [790 676 800 676]
line-62 [477 658 484 658]
line-63 [1671 646 1688 646]
line-64 [1168 666 1175 666]
line-65 [1076 668 1083 668]
line-66 [1497 653 1507 653]
line-67 [865 672 884 671]
line-68 [551 662 559 662]
line-69 [628 673 646 673]
line-70 [1414 653 1421 653]
line-71 [1510 635 1517 635]
line-72 [901 769 901 744]
line-73 [894 748 895 735]
line-74 [1293 662 1298 662]
line-75 [1722 633 1727 633]
line-76 [1021 668 1026 668]
line-77 [1541 660 1550 660]
line-78 [1492 651 1505 651]
line-79 [1746 635 1752 635]
line-80 [866 678 872 678]
line-81 [1337 667 1346 667]
line-82 [487 713 498 726]
line-83 [501 669 522 669]
line-84 [1562 637 1569 637]
line-85 [1690 635 1696 635]
line-86 [1393 658 1398 658]
line-87 [1198 663 1206 663]
line-88 [1241 663 1252 662]
line-89 [509 660 514 660]
line-90 [1620 623 1625 623]
line-91 [1190 665 1197 665]
line-92 [592 674 600 674]
line-93 [1850 628 1856 628]
line-94 [1639 636 1650 636]
line-95 [643 666 658 666]
line-96 [1682 639 1688 639]
line-97 [524 672 540 672]
line-98 [641 669 647 669]
line-99 [1068 667 1075 667]
line-100 [1857 623 1863 623]
line-101 [1844 627 1849 627]
line-102 [790 774 821 774]
line-103 [624 668 630 668]
line-104 [897 722 897 716]
line-105 [1050 667 1055 667]
line-106 [1441 653 1448 653]
line-107 [518 660 528 660]
line-108 [1156 666 1167 665]
line-109 [845 670 850 670]
line-110 [1388 668 1409 668]
line-111 [633 671 638 671]
line-112 [1119 668 1124 668]
line-113 [1626 624 1634 624]
line-114 [661 335 670 332]
line-115 [1151 677 1156 677]
line-116 [1865 626 1871 626]
line-117 [1005 667 1012 667]
line-118 [778 668 787 668]
line-119 [911 673 917 673]
line-120 [944 676 949 676]
line-121 [892 766 892 760]
line-122 [1570 639 1577 639]
line-123 [1341 704 1349 704]
line-124 [1473 645 1479 645]
line-125 [532 663 537 663]
line-126 [675 330 691 326]
line-127 [1832 621 1837 621]
line-128 [1531 637 1545 637]
line-129 [523 670 536 670]
line-130 [850 669 860 669]
line-131 [901 718 901 727]
line-132 [1524 663 1530 663]
line-133 [827 674 834 674]
line-134 [1150 665 1155 665]
line-135 [1806 629 1813 629]
line-136 [897 715 897 708]
line-137 [499 728 509 739]
line-138 [779 676 788 676]
line-139 [618 663 623 663]
line-140 [532 660 539 660]
line-141 [1082 675 1087 675]
line-142 [896 734 896 723]
