line-0 [1234 677 1259 677]
line-1 [917 669 922 669]
line-2 [633 673 645 673]
line-3 [556 668 563 668]
line-4 [1270 661 1284 661]
line-5 [850 669 860 669]
line-6 [1492 651 1507 651]
line-7 [1805 629 1812 629]
line-8 [823 677 835 677]
line-9 [1431 667 1436 667]
line-10 [1058 667 1074 667]
line-11 [942 676 949 676]
line-12 [1314 662 1340 662]
line-13 [821 670 831 670]
line-14 [1689 643 1706 643]
line-15 [1409 653 1419 653]
line-16 [624 668 636 668]
line-17 [1852 629 1870 629]
line-18 [1836 626 1843 626]
line-19 [879 677 890 677]
line-20 [836 676 843 676]
line-21 [645 666 659 666]
line-22 [811 668 820 668]
line-23 [901 727 901 686]
line-24 [848 676 855 676]
line-25 [865 671 887 671]
line-26 [1019 668 1025 668]
line-27 [633 671 647 671]
line-28 [700 667 705 667]
line-29 [1336 669 1342 669]
line-30 [800 666 811 666]
line-31 [815 676 822 676]
line-32 [1311 670 1316 670]
line-33 [1084 669 1090 669]
line-34 [1412 647 1420 647]
line-35 [1640 636 1658 636]
line-36 [622 670 631 670]
line-37 [714 667 720 667]
line-38 [1299 663 1313 663]
line-39 [1578 638 1586 638]
line-40 [618 663 623 663]
line-41 [945 670 963 670]
line-42 [1716 634 1721 634]
line-43 [932 675 941 675]
line-44 [726 677 731 677]
line-45 [1531 637 1536 637]
line-46 [1328 670 1335 669]
line-47 [1359 663 1364 663]
line-48 [637 669 647 669]
line-49 [929 670 941 670]
line-50 [576 663 586 663]
line-51 [691 672 696 672]
line-52 [468 667 480 667]
line-53 [893 754 894 741]
line-54 [1001 798 1013 800]
line-55 [778 668 786 668]
line-56 [941 788 953 789]
line-57 [1721 633 1726 633]
line-58 [673 675 679 675]
line-59 [901 752 901 779]
line-60 [753 668 760 668]
line-61 [1004 667 1011 667]
line-62 [523 670 540 670]
line-63 [637 667 644 667]
line-64 [477 658 484 658]
line-65 [904 677 909 677]
line-66 [1277 678 1336 678]
line-67 [717 674 722 674]
line-68 [1338 667 1344 667]
line-69 [1473 645 1478 645]
line-70 [1771 626 1776 626]
line-71 [1382 660 1389 660]
line-72 [519 660 538 660]
line-73 [1479 644 1485 644]
line-74 [1690 635 1695 635]
line-75 [592 664 601 664]
line-76 [541 671 551 671]
line-77 [500 669 521 669]
line-78 [767 676 801 676]
line-79 [1345 661 1366 661]
line-80 [896 731 896 721]
line-81 [721 668 727 668]
line-82 [1901 628 1906 628]
line-83 [1075 668 1083 668]
line-84 [1510 635 1516 635]
line-85 [1850 624 1861 623]
line-86 [548 666 564 666]
line-87 [1415 668 1430 668]
line-88 [1393 668 1408 668]
line-89 [903 675 908 675]
line-90 [1476 647 1481 647]
line-91 [827 674 834 674]
line-92 [1243 662 1253 662]
line-93 [612 665 617 665]
line-94 [685 667 690 667]
line-95 [994 669 1004 668]
line-96 [508 737 512 742]
line-97 [1587 638 1599 638]
line-98 [1522 637 1527 637]
line-99 [1392 656 1399 656]
line-100 [696 674 701 674]
line-101 [744 668 753 669]
line-102 [1431 653 1446 653]
line-103 [859 679 867 679]
line-104 [500 727 505 732]
line-105 [1813 628 1820 628]
line-106 [1628 624 1634 624]
line-107 [895 740 896 732]
line-108 [1345 664 1358 664]
line-109 [1670 646 1687 646]
line-110 [1562 637 1567 637]
line-111 [1681 639 1687 639]
line-112 [1317 670 1327 670]
line-113 [669 667 680 667]
line-114 [627 666 635 666]
line-115 [1446 645 1456 645]
line-116 [901 739 901 751]
line-117 [900 668 910 668]
line-118 [892 761 892 755]
line-119 [508 660 514 660]
line-120 [502 730 508 736]
line-121 [718 676 725 676]
line-122 [831 669 845 669]
line-123 [985 795 1000 797]
line-124 [1523 663 1528 663]
line-125 [1745 635 1751 635]
line-126 [1569 639 1577 639]
line-127 [1578 656 1583 656]
line-128 [541 662 547 662]
line-129 [660 665 665 665]
line-130 [1520 640 1525 640]
line-131 [897 719 897 712]
line-132 [488 668 498 668]
line-133 [1338 547 1351 572]
line-134 [732 668 739 668]
line-135 [1613 624 1621 623]
line-136 [552 662 560 662]
line-137 [974 670 980 670]
line-138 [1778 626 1783 626]
line-139 [1294 766 1309 766]
line-140 [978 676 984 676]
line-141 [911 673 916 673]
line-142 [470 657 476 657]
line-143 [1677 644 1688 644]
