line-0 [1183 664 1190 664]
line-1 [1300 663 1313 663]
line-2 [866 678 872 678]
line-3 [468 667 480 667]
line-4 [1646 636 1659 636]
line-5 [1807 629 1813 629]
line-6 [1159 665 1168 665]
line-7 [850 669 860 669]
line-8 [1020 668 1026 668]
line-9 [525 672 540 672]
line-10 [1120 668 1127 668]
line-11 [557 662 566 662]
line-12 [643 666 660 666]
line-13 [1394 668 1409 668]
line-14 [1691 635 1696 635]
line-15 [831 669 841 669]
line-16 [623 673 647 673]
line-17 [1814 628 1822 628]
line-18 [865 676 880 676]
line-19 [1208 665 1215 665]
line-20 [1059 667 1075 667]
line-21 [1357 663 1366 663]
line-22 [1675 646 1683 646]
line-23 [1747 635 1752 635]
line-24 [937 670 955 670]
line-25 [1271 661 1280 661]
line-26 [1681 639 1688 639]
line-27 [1412 647 1421 647]
line-28 [1511 635 1517 635]
line-29 [632 668 641 668]
line-30 [550 666 567 666]
line-31 [996 668 1005 668]
line-32 [1600 637 1606 637]
line-33 [1434 653 1442 653]
line-34 [1771 626 1777 626]
line-35 [1537 637 1543 637]
line-36 [791 668 799 668]
line-37 [1076 668 1083 668]
line-38 [1343 661 1349 661]
line-39 [845 670 850 670]
line-40 [1866 626 1872 626]
line-41 [661 665 666 665]
line-42 [895 742 895 736]
line-43 [518 660 538 660]
line-44 [1336 665 1342 665]
line-45 [1513 640 1526 640]
line-46 [1084 669 1090 669]
line-47 [800 666 811 666]
line-48 [1900 628 1909 628]
line-49 [1518 636 1523 636]
line-50 [525 670 541 670]
line-51 [930 670 936 670]
line-52 [1314 662 1341 662]
line-53 [507 669 524 669]
line-54 [1860 629 1872 629]
line-55 [1105 675 1114 675]
line-56 [1147 665 1156 665]
line-57 [506 660 514 660]
line-58 [1705 642 1710 642]
line-59 [1584 638 1594 638]
line-60 [1449 646 1454 645]
line-61 [1005 667 1012 667]
line-62 [1690 643 1704 643]
line-63 [865 671 883 671]
line-64 [1236 664 1241 664]
line-65 [1569 657 1575 657]
line-66 [1850 628 1859 628]
line-67 [1410 667 1415 667]
line-68 [633 671 647 671]
line-69 [624 668 631 668]
line-70 [1472 647 1482 647]
line-71 [943 676 950 676]
line-72 [670 667 680 667]
line-73 [898 708 898 701]
line-74 [1133 668 1139 668]
line-75 [1491 651 1503 651]
line-76 [1199 663 1207 663]
line-77 [824 677 835 677]
line-78 [1552 659 1558 659]
line-79 [1393 656 1398 655]
line-80 [1722 633 1728 633]
line-81 [1175 665 1182 665]
line-82 [593 664 602 664]
line-83 [1354 661 1364 661]
line-84 [1289 661 1294 661]
line-85 [629 666 637 666]
line-86 [491 668 504 668]
line-87 [901 783 901 744]
line-88 [893 755 893 750]
line-89 [1340 667 1346 667]
line-90 [532 663 537 663]
line-91 [1541 660 1547 660]
line-92 [488 716 512 746]
line-93 [881 677 886 677]
line-94 [1757 629 1762 629]
line-95 [1247 662 1254 662]
line-96 [902 702 902 718]
line-97 [539 661 544 661]
line-98 [642 669 648 669]
line-99 [1778 625 1783 625]
line-100 [1837 626 1845 626]
line-101 [1169 666 1174 666]
line-102 [1562 637 1569 637]
line-103 [1525 663 1530 663]
line-104 [1191 665 1197 665]
line-105 [608 673 613 673]
line-106 [956 670 964 670]
line-107 [901 696 901 701]
line-108 [911 673 917 673]
line-109 [471 657 481 658]
line-110 [1640 636 1645 636]
line-111 [933 675 942 675]
line-112 [622 670 631 670]
line-113 [1422 668 1431 668]
line-114 [541 667 549 667]
line-115 [1857 623 1864 623]
line-116 [1572 639 1578 639]
line-117 [897 714 897 709]
line-118 [1627 624 1638 624]
line-119 [1346 664 1356 664]
line-120 [822 670 831 670]
line-121 [542 665 549 665]
line-122 [902 668 911 668]
line-123 [1579 656 1586 656]
line-124 [1559 659 1568 657]
line-125 [1432 667 1437 667]
line-126 [912 670 917 670]
line-127 [542 671 555 671]
line-128 [892 763 893 756]
line-129 [1679 644 1689 644]
line-130 [974 670 980 670]
line-131 [731 316 737 315]
line-132 [907 785 912 785]
line-133 [1372 660 1379 660]
line-134 [891 773 891 768]
line-135 [1310 769 1323 769]
line-136 [1524 668 1530 668]
line-137 [1281 661 1287 661]
