line-0 [1183 664 1189 664]
line-1 [930 670 941 670]
line-2 [850 669 860 669]
line-3 [801 666 811 666]
line-4 [791 668 796 668]
line-5 [577 663 586 663]
line-6 [1409 653 1420 653]
line-7 [1413 647 1421 647]
line-8 [1493 651 1508 651]
line-9 [1119 668 1127 668]
line-10 [1641 636 1662 636]
line-11 [933 675 941 675]
line-12 [1029 668 1034 668]
line-13 [1679 644 1685 644]
line-14 [1231 665 1236 665]
line-15 [468 667 478 667]
line-16 [643 666 657 666]
line-17 [1321 662 1341 662]
line-18 [821 670 831 670]
line-19 [1849 629 1864 629]
line-20 [498 669 521 669]
line-21 [979 676 984 676]
line-22 [1393 658 1398 658]
line-23 [1005 667 1011 667]
line-24 [477 658 483 658]
line-25 [1270 661 1287 661]
line-26 [1190 665 1197 665]
line-27 [1691 635 1697 635]
line-28 [997 668 1005 668]
line-29 [543 666 557 666]
line-30 [1393 656 1399 656]
line-31 [899 698 899 690]
line-32 [1140 667 1147 667]
line-33 [1432 667 1437 667]
line-34 [541 671 554 671]
line-35 [912 670 917 670]
line-36 [1552 659 1557 659]
line-37 [1857 623 1862 623]
line-38 [787 676 805 676]
line-39 [1390 668 1410 668]
line-40 [470 657 476 657]
line-41 [1579 638 1589 638]
line-42 [1562 637 1568 637]
line-43 [1498 653 1503 653]
line-44 [893 755 893 750]
line-45 [1159 665 1167 665]
line-46 [1299 663 1320 663]
line-47 [879 677 888 677]
line-48 [1108 667 1113 667]
line-49 [901 782 901 744]
line-50 [622 667 637 668]
line-51 [1242 662 1253 662]
line-52 [1671 658 1676 658]
line-53 [1489 654 1497 654]
line-54 [946 677 952 677]
line-55 [1059 667 1074 667]
line-56 [1441 653 1447 653]
line-57 [1682 639 1688 638]
line-58 [1151 665 1156 665]
line-59 [1371 660 1376 660]
line-60 [638 669 647 669]
line-61 [1683 646 1690 646]
line-62 [1332 670 1338 670]
line-63 [1597 638 1605 638]
line-64 [1691 643 1711 643]
line-65 [764 776 782 776]
line-66 [1516 641 1526 640]
line-67 [878 671 888 671]
line-68 [1865 629 1872 629]
line-69 [634 673 644 673]
line-70 [952 670 962 670]
line-71 [670 667 679 667]
line-72 [1132 668 1139 668]
line-73 [1431 653 1436 653]
line-74 [1337 667 1343 667]
line-75 [1673 645 1678 645]
line-76 [628 666 635 666]
line-77 [901 668 911 668]
line-78 [1083 669 1091 669]
line-79 [506 660 514 660]
line-80 [1714 634 1722 634]
line-81 [541 662 546 662]
line-82 [912 673 917 673]
line-83 [918 669 923 669]
line-84 [680 668 687 668]
line-85 [1477 647 1484 647]
line-86 [1776 626 1784 626]
line-87 [629 671 638 671]
line-88 [1346 661 1366 661]
line-89 [491 721 510 745]
line-90 [1808 629 1817 629]
line-91 [555 668 564 668]
line-92 [1168 666 1176 666]
line-93 [1903 628 1908 628]
line-94 [1421 654 1426 654]
line-95 [1821 629 1826 629]
line-96 [558 666 565 666]
line-97 [812 668 820 668]
line-98 [783 775 825 775]
line-99 [618 663 623 663]
line-100 [897 717 898 701]
line-101 [1843 627 1849 627]
line-102 [902 732 902 743]
line-103 [1691 645 1697 645]
line-104 [686 326 692 325]
line-105 [521 660 528 660]
line-106 [1570 639 1578 639]
line-107 [1614 624 1624 624]
line-108 [532 663 537 663]
line-109 [1293 662 1298 662]
line-110 [593 664 602 664]
line-111 [894 749 895 737]
line-112 [553 662 560 662]
line-113 [1020 668 1026 668]
line-114 [901 728 901 717]
line-115 [1833 622 1838 622]
line-116 [866 671 875 671]
line-117 [831 669 845 669]
line-118 [1200 663 1207 663]
line-119 [1837 626 1842 626]
line-120 [1415 668 1431 668]
line-121 [495 658 502 658]
line-122 [827 674 834 674]
line-123 [1535 637 1547 637]
line-124 [871 677 877 677]
line-125 [479 668 497 668]
line-126 [901 691 901 702]
line-127 [1075 668 1082 668]
line-128 [900 676 905 676]
line-129 [1746 635 1752 635]
line-130 [522 670 540 670]
line-131 [677 673 682 673]
line-132 [896 731 896 724]
line-133 [1629 624 1636 624]
line-134 [750 777 763 777]
