line-0 [900 668 911 668]
line-1 [499 669 519 669]
line-2 [865 671 887 671]
line-3 [1317 662 1341 662]
line-4 [1019 668 1026 668]
line-5 [1495 651 1507 651]
line-6 [955 675 964 675]
line-7 [1332 670 1337 670]
line-8 [1446 646 1457 645]
line-9 [790 668 795 668]
line-10 [1393 658 1398 658]
line-11 [1293 662 1298 662]
line-12 [1131 668 1138 668]
line-13 [1199 663 1206 663]
line-14 [1409 653 1420 653]
line-15 [1708 634 1722 634]
line-16 [1638 636 1652 636]
line-17 [468 667 479 667]
line-18 [949 670 963 670]
line-19 [1678 644 1689 644]
line-20 [901 780 901 740]
line-21 [636 669 647 669]
line-22 [1159 665 1167 665]
line-23 [831 669 845 669]
line-24 [1430 653 1439 653]
line-25 [1498 635 1506 635]
line-26 [1412 668 1431 668]
line-27 [1270 661 1292 661]
line-28 [1852 629 1871 629]
line-29 [1531 637 1537 637]
line-30 [1168 666 1177 666]
line-31 [627 666 635 666]
line-32 [911 673 916 673]
line-33 [1653 636 1661 636]
line-34 [942 676 948 676]
line-35 [1561 637 1567 637]
line-36 [768 676 794 676]
line-37 [899 696 899 689]
line-38 [1058 667 1073 667]
line-39 [1074 668 1082 668]
line-40 [624 668 635 668]
line-41 [1578 638 1602 638]
line-42 [1428 646 1442 646]
line-43 [592 664 601 664]
line-44 [518 660 528 660]
line-45 [890 780 890 775]
line-46 [1807 629 1816 629]
line-47 [1386 660 1391 660]
line-48 [1765 627 1770 627]
line-49 [1681 639 1687 639]
line-50 [1546 636 1552 635]
line-51 [1191 665 1197 665]
line-52 [480 668 498 668]
line-53 [1775 626 1783 626]
line-54 [1473 647 1481 647]
line-55 [1412 647 1424 647]
line-56 [821 670 831 670]
line-57 [901 730 901 686]
line-58 [934 675 941 675]
line-59 [1627 624 1636 624]
line-60 [850 669 860 669]
line-61 [520 670 538 670]
line-62 [1299 663 1316 663]
line-63 [637 667 649 667]
line-64 [897 719 898 697]
line-65 [826 674 834 674]
line-66 [1569 639 1577 639]
line-67 [1231 665 1236 665]
line-68 [1005 667 1011 667]
line-69 [1389 668 1409 668]
line-70 [1690 643 1711 643]
line-71 [506 660 514 660]
line-72 [978 676 987 676]
line-73 [881 677 886 677]
line-74 [470 657 484 658]
line-75 [764 667 771 667]
line-76 [1393 656 1399 656]
line-77 [778 668 783 668]
line-78 [576 663 586 663]
line-79 [1182 675 1188 675]
line-80 [552 662 559 662]
line-81 [929 670 941 670]
line-82 [1731 630 1736 630]
line-83 [543 666 565 666]
line-84 [547 663 552 663]
line-85 [1049 667 1054 667]
line-86 [489 716 510 742]
line-87 [621 354 654 341]
line-88 [811 668 821 669]
line-89 [1118 668 1126 668]
line-90 [1150 665 1155 665]
line-91 [1520 640 1525 640]
line-92 [1538 637 1546 637]
line-93 [1613 624 1619 624]
line-94 [1602 656 1607 656]
line-95 [1183 664 1190 664]
line-96 [1440 653 1448 653]
line-97 [892 763 892 757]
line-98 [1083 669 1090 669]
line-99 [1489 654 1494 654]
line-100 [1856 623 1861 623]
line-101 [1421 654 1429 654]
line-102 [996 668 1003 668]
line-103 [1517 636 1522 636]
line-104 [1189 676 1200 676]
line-105 [1522 637 1527 637]
line-106 [1243 662 1252 662]
line-107 [1674 646 1689 646]
line-108 [622 670 627 670]
line-109 [1747 635 1752 635]
line-110 [1509 635 1516 635]
line-111 [541 662 546 662]
line-112 [795 676 804 676]
line-113 [1843 627 1848 627]
line-114 [1326 670 1331 669]
line-115 [896 734 896 729]
line-116 [1670 658 1675 658]
line-117 [800 666 807 666]
line-118 [1488 652 1494 652]
line-119 [1347 661 1360 661]
line-120 [1836 626 1842 626]
line-121 [1347 669 1352 669]
line-122 [531 660 538 660]
line-123 [1691 635 1696 635]
line-124 [1496 653 1504 653]
line-125 [1306 768 1311 768]
line-126 [636 673 643 673]
line-127 [634 671 642 671]
line-128 [531 663 536 663]
line-129 [1801 630 1806 630]
line-130 [618 663 623 663]
