line-0 [1389 668 1410 668]
line-1 [1420 654 1430 654]
line-2 [1020 668 1026 668]
line-3 [1433 646 1444 646]
line-4 [677 673 682 673]
line-5 [732 668 739 668]
line-6 [601 665 606 665]
line-7 [468 667 480 667]
line-8 [856 677 864 677]
line-9 [753 668 760 668]
line-10 [506 669 519 669]
line-11 [880 779 889 780]
line-12 [627 666 636 666]
line-13 [1412 647 1421 647]
line-14 [1347 661 1366 661]
line-15 [1579 638 1603 638]
line-16 [773 676 801 676]
line-17 [634 675 642 675]
line-18 [1010 800 1024 802]
line-19 [634 673 644 673]
line-20 [1731 630 1736 630]
line-21 [691 672 696 672]
line-22 [506 660 514 660]
line-23 [547 663 552 663]
line-24 [1866 627 1871 627]
line-25 [934 675 941 675]
line-26 [997 668 1005 668]
line-27 [892 766 892 759]
line-28 [710 667 719 667]
line-29 [1005 667 1011 667]
line-30 [1531 637 1546 637]
line-31 [951 670 963 670]
line-32 [1255 664 1260 664]
line-33 [831 669 844 669]
line-34 [1393 658 1398 658]
line-35 [1057 667 1074 667]
line-36 [930 670 940 670]
line-37 [552 662 560 662]
line-38 [577 663 586 663]
line-39 [1499 653 1507 653]
line-40 [1853 629 1871 629]
line-41 [618 663 623 663]
line-42 [960 791 983 794]
line-43 [778 668 787 668]
line-44 [866 677 880 677]
line-45 [543 666 565 666]
line-46 [1075 668 1082 668]
line-47 [881 677 888 677]
line-48 [1431 653 1443 653]
line-49 [1393 656 1400 656]
line-50 [592 664 601 664]
line-51 [1639 636 1654 636]
line-52 [1682 639 1687 639]
line-53 [901 780 901 741]
line-54 [807 674 812 674]
line-55 [525 670 539 670]
line-56 [531 660 538 660]
line-57 [1414 668 1431 668]
line-58 [895 741 895 735]
line-59 [624 668 635 668]
line-60 [1851 624 1856 624]
line-61 [1298 663 1327 663]
line-62 [1550 641 1557 641]
line-63 [1808 629 1817 629]
line-64 [1843 627 1848 627]
line-65 [540 671 552 671]
line-66 [1243 662 1252 662]
line-67 [1444 653 1449 653]
line-68 [900 668 910 668]
line-69 [660 665 665 665]
line-70 [680 668 687 668]
line-71 [800 666 811 666]
line-72 [821 670 831 670]
line-73 [1680 644 1689 644]
line-74 [518 660 526 660]
line-75 [978 676 986 676]
line-76 [822 677 834 677]
line-77 [891 773 891 767]
line-78 [1495 651 1507 651]
line-79 [1283 661 1292 661]
line-80 [1775 626 1783 626]
line-81 [669 667 679 667]
line-82 [826 674 834 674]
line-83 [945 677 952 677]
line-84 [1561 637 1567 637]
line-85 [1326 670 1332 670]
line-86 [636 669 646 669]
line-87 [1276 661 1282 661]
line-88 [790 668 795 668]
line-89 [1509 635 1516 635]
line-90 [1613 624 1636 624]
line-91 [1348 563 1357 582]
line-92 [877 671 886 671]
line-93 [637 667 644 667]
line-94 [811 668 820 668]
line-95 [1472 645 1479 645]
line-96 [1670 658 1675 658]
line-97 [485 712 508 741]
line-98 [1083 669 1090 669]
line-99 [1333 662 1339 662]
line-100 [904 677 910 677]
line-101 [1690 643 1710 643]
line-102 [898 707 898 700]
line-103 [1333 670 1339 670]
line-104 [901 686 901 704]
line-105 [1479 647 1484 647]
line-106 [1714 634 1719 634]
line-107 [897 720 897 710]
line-108 [899 689 899 694]
line-109 [866 671 875 671]
line-110 [1655 636 1661 636]
line-111 [1873 630 1878 630]
line-112 [1355 663 1364 663]
line-113 [911 673 917 673]
line-114 [1569 639 1578 639]
line-115 [1708 634 1713 634]
line-116 [701 667 706 667]
line-117 [682 674 687 674]
line-118 [622 670 632 670]
line-119 [710 672 715 672]
line-120 [814 676 821 676]
line-121 [1471 647 1478 647]
line-122 [633 671 646 671]
line-123 [650 666 659 666]
line-124 [902 729 902 740]
line-125 [1405 654 1413 653]
line-126 [1679 646 1689 646]
line-127 [1381 660 1393 660]
line-128 [1342 669 1348 669]
line-129 [491 668 499 668]
line-130 [645 674 650 674]
line-131 [541 662 546 662]
line-132 [760 667 771 667]
line-133 [1745 635 1752 635]
line-134 [1515 641 1520 641]
line-135 [470 657 476 657]
