line-0 [760 667 772 667]
line-1 [733 668 739 668]
line-2 [824 677 835 677]
line-3 [993 668 1005 668]
line-4 [867 671 875 671]
line-5 [585 672 600 672]
line-6 [1242 662 1250 662]
line-7 [728 667 733 667]
line-8 [774 676 802 676]
line-9 [850 676 857 676]
line-10 [628 666 638 666]
line-11 [867 678 872 678]
line-12 [1643 636 1655 636]
line-13 [553 662 566 662]
line-14 [625 668 637 668]
line-15 [1548 659 1561 659]
line-16 [1170 666 1175 666]
line-17 [1808 629 1814 629]
line-18 [467 667 482 667]
line-19 [1555 640 1560 640]
line-20 [1230 664 1241 664]
line-21 [822 670 832 670]
line-22 [943 676 950 676]
line-23 [911 673 918 673]
line-24 [506 669 522 669]
line-25 [483 668 501 668]
line-26 [974 670 981 670]
line-27 [791 668 800 668]
line-28 [650 666 661 666]
line-29 [1443 652 1448 652]
line-30 [1898 628 1905 628]
line-31 [1572 639 1579 639]
line-32 [1183 664 1190 664]
line-33 [1176 665 1182 665]
line-34 [1851 628 1864 628]
line-35 [827 674 835 674]
line-36 [1713 633 1719 633]
line-37 [623 670 632 670]
line-38 [1868 626 1873 626]
line-39 [1691 643 1704 643]
line-40 [633 673 647 673]
line-41 [1563 637 1570 637]
line-42 [832 669 842 669]
line-43 [701 667 706 667]
line-44 [1133 668 1139 668]
line-45 [1834 621 1839 621]
line-46 [892 766 893 752]
line-47 [901 787 901 772]
line-48 [1599 637 1607 637]
line-49 [866 676 877 676]
line-50 [532 660 539 660]
line-51 [902 752 902 695]
line-52 [1392 656 1399 656]
line-53 [485 659 490 659]
line-54 [946 670 964 670]
line-55 [1758 629 1763 629]
line-56 [1869 629 1874 629]
line-57 [933 675 942 675]
line-58 [1077 668 1083 668]
line-59 [812 668 821 668]
line-60 [1427 653 1442 653]
line-61 [638 669 648 669]
line-62 [488 721 511 750]
line-63 [900 668 911 668]
line-64 [1533 637 1539 637]
line-65 [639 671 647 671]
line-66 [1394 668 1409 668]
line-67 [1151 665 1157 665]
line-68 [1815 628 1823 628]
line-69 [1271 661 1279 661]
line-70 [1512 635 1519 635]
line-71 [691 672 696 672]
line-72 [1493 653 1508 653]
line-73 [929 670 942 670]
line-74 [1300 663 1313 663]
line-75 [665 666 670 666]
line-76 [727 677 740 677]
line-77 [671 667 680 667]
line-78 [1059 667 1066 667]
line-79 [801 666 812 667]
line-80 [1514 640 1522 640]
line-81 [1691 645 1696 645]
line-82 [1413 647 1418 647]
line-83 [1533 635 1538 635]
line-84 [807 674 812 674]
line-85 [1483 646 1488 646]
line-86 [1878 629 1884 629]
line-87 [1200 663 1207 663]
line-88 [454 666 463 666]
line-89 [1321 662 1331 662]
line-90 [1547 641 1554 641]
line-91 [470 657 476 657]
line-92 [1748 635 1753 635]
line-93 [464 658 470 658]
line-94 [1683 639 1688 639]
line-95 [542 671 555 671]
line-96 [1842 626 1847 626]
line-97 [768 676 773 676]
line-98 [1107 667 1113 667]
line-99 [644 666 649 666]
line-100 [1084 669 1090 669]
line-101 [1478 644 1487 644]
line-102 [1675 642 1680 642]
line-103 [1631 624 1639 624]
line-104 [1705 642 1712 642]
line-105 [593 664 602 664]
line-106 [1580 638 1588 638]
line-107 [1673 644 1690 644]
line-108 [836 676 845 676]
line-109 [1772 626 1785 625]
line-110 [506 660 520 660]
line-111 [899 702 899 695]
line-112 [1160 665 1169 665]
line-113 [884 786 889 786]
line-114 [550 666 566 666]
line-115 [1068 667 1076 667]
line-116 [673 675 679 675]
line-117 [477 658 484 658]
line-118 [1405 654 1423 653]
line-119 [1446 645 1454 645]
line-120 [1021 668 1026 668]
line-121 [1692 635 1697 635]
line-122 [1669 639 1674 639]
line-123 [1723 633 1729 633]
line-124 [523 670 541 670]
line-125 [849 669 859 669]
line-126 [936 677 942 677]
line-127 [1492 651 1509 651]
line-128 [716 667 723 667]
line-129 [1856 623 1866 623]
line-130 [976 800 985 801]
line-131 [1474 647 1482 647]
line-132 [1091 668 1096 668]
line-133 [1280 661 1285 661]
line-134 [496 658 503 658]
line-135 [780 668 787 668]
line-136 [709 676 714 676]
line-137 [860 679 867 679]
line-138 [690 666 695 666]
line-139 [890 784 890 778]
line-140 [532 663 537 663]
line-141 [1581 656 1586 656]
line-142 [878 671 888 671]
line-143 [902 763 902 771]
line-144 [1440 645 1445 645]
line-145 [1119 668 1127 668]
line-146 [1910 629 1917 629]
line-147 [1418 668 1427 668]
line-148 [521 660 531 660]
line-149 [1526 663 1531 663]
line-150 [895 746 895 741]
line-151 [1192 665 1198 665]
line-152 [1410 667 1417 667]
line-153 [1672 646 1687 646]
line-154 [740 667 745 667]
line-155 [1153 677 1158 677]
line-156 [1618 623 1626 623]
