line-0 [791 668 796 668]
line-1 [624 668 637 668]
line-2 [1496 651 1509 651]
line-3 [1580 638 1603 638]
line-4 [1568 657 1577 657]
line-5 [1140 667 1147 667]
line-6 [540 671 552 671]
line-7 [831 669 845 669]
line-8 [812 668 821 668]
line-9 [548 666 565 666]
line-10 [593 664 602 664]
line-11 [866 671 888 671]
line-12 [912 673 917 673]
line-13 [768 676 804 676]
line-14 [841 676 859 676]
line-15 [1390 668 1410 668]
line-16 [1643 636 1661 636]
line-17 [733 668 739 668]
line-18 [980 676 987 676]
line-19 [669 667 679 667]
line-20 [502 669 522 669]
line-21 [1747 635 1754 635]
line-22 [942 676 947 676]
line-23 [867 678 872 678]
line-24 [1151 665 1156 665]
line-25 [745 668 750 668]
line-26 [523 670 539 670]
line-27 [1817 628 1822 628]
line-28 [1450 645 1457 645]
line-29 [1191 665 1198 665]
line-30 [954 675 964 675]
line-31 [1413 647 1420 647]
line-32 [1199 663 1207 663]
line-33 [1184 664 1190 664]
line-34 [1433 653 1447 653]
line-35 [610 673 630 673]
line-36 [1855 629 1870 629]
line-37 [1058 667 1074 667]
line-38 [997 668 1005 668]
line-39 [929 670 941 670]
line-40 [1472 647 1485 647]
line-41 [1075 668 1081 668]
line-42 [1413 653 1421 653]
line-43 [680 668 690 668]
line-44 [1808 629 1816 629]
line-45 [1432 646 1441 646]
line-46 [552 662 560 662]
line-47 [1532 637 1546 637]
line-48 [876 676 883 676]
line-49 [632 673 646 673]
line-50 [622 670 630 671]
line-51 [1773 626 1786 626]
line-52 [1169 666 1178 666]
line-53 [850 669 860 669]
line-54 [1473 645 1479 645]
line-55 [1133 668 1139 668]
line-56 [519 660 530 661]
line-57 [506 660 514 660]
line-58 [866 676 873 676]
line-59 [577 663 586 663]
line-60 [944 670 964 670]
line-61 [618 663 623 663]
line-62 [1236 664 1241 664]
line-63 [898 713 898 705]
line-64 [1514 640 1524 640]
line-65 [1680 644 1691 644]
line-66 [470 657 476 657]
line-67 [901 668 911 668]
line-68 [690 666 695 666]
line-69 [1867 626 1873 626]
line-70 [901 787 901 769]
line-71 [1518 636 1523 636]
line-72 [902 748 902 727]
line-73 [499 738 506 746]
line-74 [1424 646 1430 646]
line-75 [760 667 771 667]
line-76 [1859 623 1864 623]
line-77 [1271 661 1276 661]
line-78 [825 674 835 674]
line-79 [467 667 477 667]
line-80 [719 668 728 668]
line-81 [676 673 682 673]
line-82 [1692 645 1697 645]
line-83 [1823 629 1828 629]
line-84 [801 666 811 666]
line-85 [1422 654 1428 654]
line-86 [1563 637 1569 637]
line-87 [893 758 894 746]
line-88 [978 800 987 801]
line-89 [1723 633 1728 633]
line-90 [1683 639 1689 639]
line-91 [1615 624 1620 624]
line-92 [901 749 901 763]
line-93 [857 679 867 679]
line-94 [1082 669 1091 669]
line-95 [627 666 635 666]
line-96 [638 669 647 669]
line-97 [1243 662 1251 662]
line-98 [542 665 547 665]
line-99 [1294 662 1299 662]
line-100 [496 658 503 658]
line-101 [1672 658 1677 658]
line-102 [483 718 500 738]
line-103 [468 669 486 668]
line-104 [1281 661 1293 661]
line-105 [674 675 679 675]
line-106 [807 674 812 674]
line-107 [778 668 787 668]
line-108 [644 666 658 666]
line-109 [1533 635 1538 635]
line-110 [532 663 537 663]
line-111 [1624 624 1636 624]
line-112 [1692 643 1713 643]
line-113 [1681 646 1690 646]
line-114 [1020 668 1026 668]
line-115 [1692 635 1698 635]
line-116 [541 667 547 667]
line-117 [974 670 981 670]
line-118 [1838 626 1845 626]
line-119 [1160 665 1168 665]
line-120 [891 774 891 769]
line-121 [1321 771 1339 771]
line-122 [1573 639 1580 639]
line-123 [1511 635 1517 635]
line-124 [902 719 902 698]
line-125 [933 675 941 675]
line-126 [822 670 831 670]
line-127 [1903 628 1908 628]
line-128 [1005 667 1012 667]
line-129 [1490 654 1495 654]
line-130 [1394 656 1399 656]
line-131 [890 783 890 775]
line-132 [1417 668 1425 668]
line-133 [954 796 963 797]
line-134 [556 668 565 668]
line-135 [477 658 484 658]
line-136 [1674 645 1679 645]
line-137 [603 673 609 673]
line-138 [1411 667 1416 667]
line-139 [754 668 760 668]
line-140 [1442 645 1448 645]
