line-0 [901 668 911 668]
line-1 [912 673 917 673]
line-2 [1160 665 1168 665]
line-3 [632 671 647 671]
line-4 [1532 637 1546 637]
line-5 [997 668 1005 668]
line-6 [979 676 985 676]
line-7 [832 669 845 669]
line-8 [1807 629 1815 629]
line-9 [1140 667 1147 667]
line-10 [1191 665 1198 665]
line-11 [875 677 891 677]
line-12 [543 666 565 666]
line-13 [836 676 843 676]
line-14 [1169 666 1176 666]
line-15 [878 671 888 671]
line-16 [952 670 964 670]
line-17 [822 670 832 670]
line-18 [477 658 484 658]
line-19 [622 673 638 673]
line-20 [1299 663 1324 663]
line-21 [815 676 822 676]
line-22 [482 668 501 668]
line-23 [1005 667 1012 667]
line-24 [646 666 661 666]
line-25 [933 675 942 675]
line-26 [1581 638 1595 638]
line-27 [1492 651 1503 651]
line-28 [1393 656 1399 656]
line-29 [1473 647 1484 647]
line-30 [1903 628 1908 628]
line-31 [505 669 522 669]
line-32 [525 672 540 672]
line-33 [1640 636 1658 636]
line-34 [1337 667 1346 667]
line-35 [518 660 532 660]
line-36 [1058 667 1066 667]
line-37 [893 756 894 745]
line-38 [1274 661 1284 661]
line-39 [1858 629 1873 629]
line-40 [1325 662 1341 662]
line-41 [1327 670 1339 670]
line-42 [1151 665 1156 665]
line-43 [901 784 901 747]
line-44 [1422 654 1427 654]
line-45 [627 666 636 666]
line-46 [1082 669 1091 669]
line-47 [1514 640 1526 640]
line-48 [860 679 867 679]
line-49 [929 670 941 670]
line-50 [1133 668 1139 668]
line-51 [1816 628 1822 628]
line-52 [1413 647 1422 647]
line-53 [1723 633 1728 633]
line-54 [593 664 599 664]
line-55 [1858 623 1864 623]
line-56 [1627 624 1638 624]
line-57 [1563 637 1570 637]
line-58 [523 670 540 670]
line-59 [1392 668 1410 668]
line-60 [1409 653 1414 653]
line-61 [825 677 835 677]
line-62 [1840 626 1845 626]
line-63 [697 674 702 674]
line-64 [552 662 560 662]
line-65 [1747 635 1753 635]
line-66 [1691 643 1706 643]
line-67 [1236 664 1241 664]
line-68 [1020 668 1026 668]
line-69 [504 742 510 749]
line-70 [467 667 481 667]
line-71 [902 719 902 699]
line-72 [1243 662 1254 662]
line-73 [1200 663 1207 663]
line-74 [625 668 640 668]
line-75 [1372 660 1378 660]
line-76 [806 674 812 674]
line-77 [890 783 890 777]
line-78 [1852 628 1857 628]
line-79 [1683 639 1689 639]
line-80 [1420 668 1428 668]
line-81 [1428 653 1439 653]
line-82 [1177 665 1183 665]
line-83 [801 666 811 666]
line-84 [732 316 742 315]
line-85 [576 663 586 663]
line-86 [1382 660 1390 660]
line-87 [487 720 499 736]
line-88 [1523 637 1528 637]
line-89 [1571 639 1579 639]
line-90 [1119 668 1127 668]
line-91 [897 721 897 716]
line-92 [1598 638 1604 638]
line-93 [1068 667 1074 667]
line-94 [866 671 876 671]
line-95 [946 677 951 677]
line-96 [1340 669 1353 669]
line-97 [674 675 679 675]
line-98 [1184 664 1190 664]
line-99 [641 669 648 669]
line-100 [1491 643 1496 643]
line-101 [1349 661 1365 661]
line-102 [1415 653 1421 653]
line-103 [1718 634 1723 634]
line-104 [867 678 872 678]
line-105 [1511 635 1517 635]
line-106 [669 667 679 667]
line-107 [827 674 835 674]
line-108 [892 767 892 762]
line-109 [1075 668 1081 668]
line-110 [622 670 629 670]
line-111 [532 663 537 663]
line-112 [1692 635 1698 635]
line-113 [1679 644 1684 644]
line-114 [470 657 476 657]
line-115 [618 663 623 663]
line-116 [899 699 899 692]
line-117 [1678 646 1689 646]
line-118 [895 744 895 738]
line-119 [866 676 872 676]
line-120 [851 669 860 669]
line-121 [639 673 647 673]
line-122 [901 720 901 727]
line-123 [1440 653 1448 653]
line-124 [902 728 902 733]
line-125 [539 661 544 661]
line-126 [464 658 470 658]
line-127 [812 668 821 668]
line-128 [1319 771 1324 771]
line-129 [896 733 896 726]
line-130 [1580 656 1586 656]
