line-0 [777 668 783 668]
line-1 [791 668 799 668]
line-2 [468 667 480 667]
line-3 [929 670 941 670]
line-4 [831 669 845 669]
line-5 [1532 637 1546 637]
line-6 [1676 646 1687 646]
line-7 [1140 667 1147 667]
line-8 [1059 667 1075 667]
line-9 [952 670 962 670]
line-10 [556 668 565 668]
line-11 [739 667 744 667]
line-12 [670 667 680 667]
line-13 [959 674 964 674]
line-14 [974 670 980 670]
line-15 [641 669 648 669]
line-16 [1169 666 1175 666]
line-17 [1640 636 1655 636]
line-18 [1483 646 1488 646]
line-19 [592 664 602 664]
line-20 [633 671 647 671]
line-21 [1902 628 1909 628]
line-22 [625 668 637 668]
line-23 [1579 638 1589 638]
line-24 [542 665 548 665]
line-25 [1566 657 1576 657]
line-26 [623 670 632 670]
line-27 [551 662 562 662]
line-28 [917 669 922 669]
line-29 [1757 629 1762 629]
line-30 [1084 669 1090 669]
line-31 [1682 639 1688 639]
line-32 [866 678 872 678]
line-33 [1160 665 1168 665]
line-34 [518 660 529 660]
line-35 [901 668 911 668]
line-36 [1863 629 1872 629]
line-37 [1780 626 1785 626]
line-38 [727 677 743 677]
line-39 [989 799 998 800]
line-40 [1350 664 1363 663]
line-41 [1422 654 1443 653]
line-42 [865 676 881 676]
line-43 [1806 630 1814 629]
line-44 [481 668 503 668]
line-45 [892 766 892 759]
line-46 [1678 644 1689 644]
line-47 [836 676 844 676]
line-48 [1481 644 1487 644]
line-49 [1183 664 1190 664]
line-50 [933 675 942 675]
line-51 [901 779 901 747]
line-52 [1176 665 1182 665]
line-53 [865 671 888 671]
line-54 [1855 623 1864 623]
line-55 [1851 628 1859 628]
line-56 [618 663 624 663]
line-57 [644 666 660 666]
line-58 [1597 638 1602 638]
line-59 [1199 663 1206 663]
line-60 [1352 661 1366 661]
line-61 [718 676 726 676]
line-62 [1722 633 1728 633]
line-63 [959 794 970 795]
line-64 [587 662 592 662]
line-65 [760 667 772 667]
line-66 [691 672 696 672]
line-67 [470 657 476 657]
line-68 [463 658 470 658]
line-69 [541 667 547 667]
line-70 [1410 667 1415 667]
line-71 [1690 643 1707 643]
line-72 [898 708 898 702]
line-73 [701 667 707 667]
line-74 [1336 669 1353 669]
line-75 [882 677 889 677]
line-76 [1747 635 1753 635]
line-77 [490 721 511 746]
line-78 [531 660 538 660]
line-79 [633 673 646 673]
line-80 [683 667 690 667]
line-81 [1656 636 1662 636]
line-82 [1571 639 1578 639]
line-83 [1513 640 1528 639]
line-84 [897 720 897 712]
line-85 [1822 629 1827 629]
line-86 [857 679 866 679]
line-87 [541 671 553 671]
line-88 [945 677 951 677]
line-89 [1445 645 1454 645]
line-90 [1473 647 1482 647]
line-91 [745 668 750 668]
line-92 [523 670 540 670]
line-93 [1815 628 1822 628]
line-94 [993 668 1005 668]
line-95 [1420 668 1428 668]
line-96 [477 658 484 658]
line-97 [971 796 976 796]
line-98 [1563 637 1569 637]
line-99 [800 666 811 666]
line-100 [628 666 637 666]
line-101 [821 670 831 670]
line-102 [1076 668 1083 668]
line-103 [1522 664 1531 663]
line-104 [1409 653 1414 653]
line-105 [1511 635 1518 635]
line-106 [1229 664 1238 664]
line-107 [1474 645 1480 645]
line-108 [1020 668 1026 668]
line-109 [715 667 723 667]
line-110 [1415 653 1421 653]
line-111 [539 661 544 661]
line-112 [902 746 902 729]
line-113 [850 669 860 669]
line-114 [896 731 896 725]
line-115 [526 672 540 672]
line-116 [1133 668 1139 668]
line-117 [1412 647 1421 647]
line-118 [1151 665 1156 665]
line-119 [506 660 514 660]
line-120 [1493 653 1507 653]
line-121 [1626 624 1637 624]
line-122 [697 674 702 674]
line-123 [892 758 894 744]
line-124 [1837 626 1845 626]
line-125 [1492 651 1501 651]
line-126 [1208 665 1214 665]
line-127 [506 669 522 669]
line-128 [1393 656 1400 656]
line-129 [901 691 901 696]
line-130 [1120 668 1127 668]
line-131 [941 791 946 791]
line-132 [1091 668 1096 668]
line-133 [1689 636 1697 635]
line-134 [661 665 666 665]
line-135 [1382 660 1390 660]
line-136 [1490 643 1496 643]
line-137 [1551 659 1559 659]
line-138 [1502 651 1508 651]
line-139 [682 674 687 674]
line-140 [549 666 565 666]
line-141 [1580 656 1585 656]
line-142 [1378 624 1380 631]
line-143 [902 718 902 705]
line-144 [1191 665 1197 665]
line-145 [1398 668 1406 668]
line-146 [1618 623 1623 623]
line-147 [581 663 586 663]
line-148 [965 668 971 668]
line-149 [733 668 738 668]
