line-0 [1076 668 1083 668]
line-1 [1108 667 1113 667]
line-2 [1640 636 1652 636]
line-3 [1341 661 1367 661]
line-4 [482 668 502 668]
line-5 [644 666 660 666]
line-6 [1140 667 1147 667]
line-7 [996 668 1005 668]
line-8 [1244 662 1253 662]
line-9 [1169 666 1177 666]
line-10 [959 674 964 674]
line-11 [1412 647 1421 647]
line-12 [1409 653 1422 653]
line-13 [506 669 523 669]
line-14 [626 665 636 666]
line-15 [477 658 484 658]
line-16 [952 670 962 670]
line-17 [1236 664 1241 664]
line-18 [1271 661 1285 661]
line-19 [541 671 553 671]
line-20 [895 742 895 737]
line-21 [1815 628 1823 628]
line-22 [524 670 540 670]
line-23 [867 678 872 678]
line-24 [1517 665 1522 665]
line-25 [1860 629 1873 629]
line-26 [1628 624 1638 624]
line-27 [1160 665 1168 665]
line-28 [1392 656 1400 656]
line-29 [1058 667 1066 667]
line-30 [1199 663 1207 663]
line-31 [1443 645 1457 645]
line-32 [1691 643 1704 643]
line-33 [831 669 840 669]
line-34 [1532 637 1546 637]
line-35 [898 709 898 702]
line-36 [1497 651 1507 651]
line-37 [1005 667 1012 667]
line-38 [858 679 867 679]
line-39 [1514 640 1525 640]
line-40 [865 676 880 676]
line-41 [1334 667 1349 667]
line-42 [1300 663 1323 663]
line-43 [801 666 811 666]
line-44 [901 690 901 701]
line-45 [1518 636 1523 636]
line-46 [552 662 560 662]
line-47 [628 668 637 668]
line-48 [902 718 902 704]
line-49 [900 668 911 668]
line-50 [1866 626 1872 626]
line-51 [1511 635 1517 635]
line-52 [1336 669 1353 669]
line-53 [1671 646 1687 646]
line-54 [518 660 538 660]
line-55 [1679 644 1690 644]
line-56 [1192 665 1198 665]
line-57 [581 663 587 663]
line-58 [866 671 875 671]
line-59 [637 671 647 671]
line-60 [1493 653 1501 653]
line-61 [593 664 602 664]
line-62 [1120 668 1128 668]
line-63 [1851 628 1859 628]
line-64 [1777 626 1785 626]
line-65 [1563 637 1569 637]
line-66 [893 757 893 751]
line-67 [1324 662 1341 662]
line-68 [933 675 941 675]
line-69 [1428 653 1438 653]
line-70 [1020 668 1026 668]
line-71 [812 668 821 668]
line-72 [548 666 565 666]
line-73 [1895 628 1901 628]
line-74 [1132 668 1139 668]
line-75 [1653 636 1662 636]
line-76 [902 746 902 730]
line-77 [1583 638 1597 638]
line-78 [1722 633 1728 633]
line-79 [498 731 504 738]
line-80 [1361 663 1366 663]
line-81 [1183 664 1191 664]
line-82 [851 669 860 669]
line-83 [878 671 888 671]
line-84 [470 657 476 657]
line-85 [555 668 565 668]
line-86 [1682 639 1688 639]
line-87 [633 673 646 673]
line-88 [532 663 537 663]
line-89 [1152 677 1157 677]
line-90 [1294 662 1299 662]
line-91 [1439 653 1445 653]
line-92 [1472 647 1483 647]
line-93 [1068 667 1075 667]
line-94 [901 765 901 783]
line-95 [1395 668 1409 668]
line-96 [710 321 716 320]
line-97 [731 316 736 316]
line-98 [892 768 892 763]
line-99 [1840 626 1845 626]
line-100 [1571 639 1578 639]
line-101 [638 669 648 669]
line-102 [1691 635 1697 635]
line-103 [929 670 939 670]
line-104 [1855 623 1865 623]
line-105 [1482 644 1487 644]
line-106 [1084 669 1091 669]
line-107 [623 670 632 670]
line-108 [1151 665 1157 665]
line-109 [827 674 835 674]
line-110 [504 739 511 747]
line-111 [1908 629 1916 629]
line-112 [468 667 481 667]
line-113 [1385 660 1392 660]
line-114 [899 699 899 691]
line-115 [946 677 952 677]
line-116 [1807 629 1814 629]
line-117 [974 670 981 670]
line-118 [1614 624 1628 623]
line-119 [1747 635 1753 635]
line-120 [671 667 680 667]
line-121 [1902 628 1908 628]
line-122 [897 721 897 715]
line-123 [1705 642 1710 642]
line-124 [487 718 494 726]
line-125 [1421 668 1428 668]
line-126 [822 670 831 670]
line-127 [901 747 901 762]
line-128 [721 318 730 317]
