line-0 [1301 663 1338 663]
line-1 [479 668 500 668]
line-2 [1054 667 1074 667]
line-3 [604 673 629 673]
line-4 [931 670 941 670]
line-5 [651 666 668 666]
line-6 [669 667 679 667]
line-7 [1081 669 1087 669]
line-8 [812 668 821 668]
line-9 [1565 658 1571 658]
line-10 [618 663 623 663]
line-11 [1817 629 1827 629]
line-12 [634 671 647 671]
line-13 [942 671 953 671]
line-14 [1272 661 1282 661]
line-15 [1286 661 1293 661]
line-16 [1859 629 1876 629]
line-17 [1676 645 1685 645]
line-18 [1350 668 1355 668]
line-19 [1565 638 1572 638]
line-20 [754 668 760 668]
line-21 [1435 646 1449 646]
line-22 [674 675 679 675]
line-23 [1133 668 1141 668]
line-24 [1476 648 1482 648]
line-25 [1231 665 1240 665]
line-26 [637 669 647 669]
line-27 [1428 654 1436 654]
line-28 [1243 662 1253 662]
line-29 [1395 658 1400 658]
line-30 [1451 645 1460 645]
line-31 [1404 668 1419 668]
line-32 [638 667 644 667]
line-33 [1504 651 1509 651]
line-34 [1588 657 1593 657]
line-35 [954 675 963 675]
line-36 [541 662 547 662]
line-37 [519 672 537 672]
line-38 [1090 669 1096 669]
line-39 [724 676 732 677]
line-40 [593 664 602 664]
line-41 [1698 643 1714 643]
line-42 [602 665 608 665]
line-43 [832 669 845 669]
line-44 [1758 630 1765 630]
line-45 [1361 662 1369 662]
line-46 [622 670 627 670]
line-47 [1725 634 1733 634]
line-48 [1705 631 1710 631]
line-49 [1836 622 1841 622]
line-50 [903 668 911 668]
line-51 [902 704 902 687]
line-52 [748 669 754 669]
line-53 [1712 634 1721 634]
line-54 [1419 654 1427 654]
line-55 [1353 665 1366 665]
line-56 [1104 668 1109 668]
line-57 [802 666 808 666]
line-58 [824 674 835 674]
line-59 [1474 645 1484 645]
line-60 [575 672 598 672]
line-61 [519 670 537 670]
line-62 [718 674 723 674]
line-63 [954 670 963 670]
line-64 [822 670 832 670]
line-65 [1573 640 1578 640]
line-66 [1329 670 1339 670]
line-67 [470 657 476 657]
line-68 [733 668 740 668]
line-69 [625 668 635 668]
line-70 [467 667 478 667]
line-71 [1113 668 1129 668]
line-72 [1582 638 1590 638]
line-73 [1441 653 1451 653]
line-74 [902 783 902 746]
line-75 [1165 666 1172 666]
line-76 [1687 646 1695 646]
line-77 [1514 636 1523 636]
line-78 [1492 652 1500 652]
line-79 [1345 662 1360 662]
line-80 [897 669 902 669]
line-81 [867 671 873 671]
line-82 [1559 659 1565 659]
line-83 [505 669 518 669]
line-84 [897 727 897 722]
line-85 [708 676 713 676]
line-86 [1340 670 1345 670]
line-87 [1547 660 1558 660]
line-88 [680 668 690 668]
line-89 [1643 637 1648 637]
line-90 [1544 637 1550 637]
line-91 [1599 638 1608 638]
line-92 [1780 626 1788 626]
line-93 [1624 624 1632 624]
line-94 [1025 668 1032 668]
line-95 [1912 630 1919 630]
line-96 [1516 641 1527 641]
line-97 [1174 666 1180 666]
line-98 [1845 627 1853 627]
line-99 [1649 636 1657 636]
line-100 [866 677 877 677]
line-101 [1811 631 1818 631]
line-102 [553 662 559 662]
line-103 [1870 627 1876 627]
line-104 [701 667 706 667]
line-105 [946 677 953 677]
line-106 [543 666 565 666]
line-107 [1213 665 1218 665]
line-108 [492 728 506 744]
line-109 [1184 675 1189 675]
line-110 [1878 630 1883 630]
line-111 [899 708 899 697]
line-112 [900 689 900 696]
line-113 [1004 801 1009 802]
line-114 [1075 668 1080 668]
line-115 [1852 629 1858 629]
line-116 [768 667 773 667]
line-117 [1520 665 1526 665]
line-118 [913 673 918 673]
line-119 [1012 668 1017 668]
line-120 [905 785 910 785]
line-121 [893 764 893 757]
line-122 [1633 625 1641 625]
line-123 [1492 654 1503 654]
line-124 [719 668 729 668]
line-125 [520 660 528 660]
line-126 [1046 666 1051 666]
line-127 [1671 640 1676 640]
line-128 [1641 659 1646 659]
line-129 [578 663 586 663]
line-130 [1553 635 1558 635]
line-131 [1337 668 1345 668]
line-132 [718 677 723 677]
line-133 [1658 636 1664 636]
line-134 [1534 638 1539 638]
line-135 [895 745 897 733]
line-136 [1256 664 1262 664]
line-137 [531 660 538 660]
line-138 [1349 779 1370 778]
line-139 [538 671 551 671]
line-140 [631 666 636 666]
line-141 [913 670 919 670]
line-142 [1606 656 1618 656]
line-143 [1223 662 1228 662]
line-144 [1610 658 1616 658]
line-145 [794 669 799 669]
line-146 [1675 647 1685 647]
line-147 [1618 624 1623 624]
line-148 [1692 636 1698 636]
line-149 [1201 663 1206 663]
line-150 [1556 641 1561 641]
line-151 [1527 640 1532 640]
line-152 [691 672 696 672]
line-153 [701 675 706 675]
line-154 [1686 644 1697 644]
line-155 [489 723 494 729]
line-156 [1899 629 1905 629]
line-157 [591 674 598 674]
line-158 [1346 777 1365 777]
