line-0 [850 669 861 669]
line-1 [929 670 941 670]
line-2 [1151 665 1156 665]
line-3 [959 675 964 675]
line-4 [1590 638 1605 638]
line-5 [690 666 695 666]
line-6 [1748 635 1755 635]
line-7 [496 658 502 658]
line-8 [1058 667 1075 667]
line-9 [902 788 902 739]
line-10 [952 670 964 670]
line-11 [901 668 912 668]
line-12 [882 677 889 677]
line-13 [1302 663 1320 663]
line-14 [1278 661 1293 661]
line-15 [1839 626 1846 626]
line-16 [1478 647 1486 647]
line-17 [1417 668 1434 668]
line-18 [648 666 662 666]
line-19 [1321 663 1328 663]
line-20 [1421 654 1429 654]
line-21 [1191 665 1198 665]
line-22 [933 675 942 675]
line-23 [912 673 917 673]
line-24 [497 736 503 743]
line-25 [1184 664 1190 664]
line-26 [1433 653 1450 653]
line-27 [1345 662 1352 662]
line-28 [1861 629 1874 629]
line-29 [1646 636 1660 636]
line-30 [1248 662 1253 662]
line-31 [500 669 522 669]
line-32 [867 671 875 671]
line-33 [852 676 857 676]
line-34 [1533 637 1547 637]
line-35 [638 669 647 669]
line-36 [628 666 636 666]
line-37 [638 667 643 667]
line-38 [1680 646 1692 646]
line-39 [518 660 539 660]
line-40 [1680 644 1692 644]
line-41 [1160 665 1168 665]
line-42 [893 760 893 755]
line-43 [1551 639 1560 639]
line-44 [470 669 479 669]
line-45 [1076 668 1082 668]
line-46 [1582 656 1587 656]
line-47 [625 668 637 668]
line-48 [1083 669 1092 669]
line-49 [1854 628 1860 628]
line-50 [633 673 647 673]
line-51 [1354 661 1366 661]
line-52 [827 674 835 674]
line-53 [556 668 565 668]
line-54 [1410 648 1425 647]
line-55 [633 671 647 671]
line-56 [1396 668 1412 668]
line-57 [943 676 949 676]
line-58 [1140 667 1145 667]
line-59 [895 747 895 742]
line-60 [552 662 560 662]
line-61 [1811 629 1817 629]
line-62 [697 674 708 674]
line-63 [1119 668 1128 668]
line-64 [467 667 479 667]
line-65 [593 664 602 664]
line-66 [1432 646 1444 646]
line-67 [1627 624 1639 624]
line-68 [1495 651 1502 651]
line-69 [1337 662 1342 662]
line-70 [1860 623 1866 623]
line-71 [502 741 509 750]
line-72 [1133 668 1139 668]
line-73 [691 672 696 672]
line-74 [1778 626 1787 626]
line-75 [701 667 706 667]
line-76 [837 676 843 676]
line-77 [1684 639 1690 639]
line-78 [541 671 552 671]
line-79 [1621 624 1626 624]
line-80 [898 716 898 706]
line-81 [1342 667 1347 667]
line-82 [1563 637 1570 637]
line-83 [1824 629 1829 629]
line-84 [531 779 550 803]
line-85 [1328 670 1337 670]
line-86 [1555 659 1560 659]
line-87 [1475 645 1485 645]
line-88 [522 672 540 672]
line-89 [825 677 836 677]
line-90 [784 306 798 306]
line-91 [1021 668 1027 668]
line-92 [1699 643 1714 643]
line-93 [544 666 566 666]
line-94 [894 754 894 748]
line-95 [1544 660 1554 660]
line-96 [1201 663 1207 663]
line-97 [523 670 540 670]
line-98 [902 721 902 737]
line-99 [1568 657 1577 657]
line-100 [1716 634 1725 634]
line-101 [1178 665 1183 665]
line-102 [1491 654 1498 654]
line-103 [878 671 888 671]
line-104 [1271 661 1277 661]
line-105 [577 663 586 663]
line-106 [618 663 624 663]
line-107 [1232 665 1237 665]
line-108 [602 665 607 665]
line-109 [905 677 911 677]
line-110 [680 668 688 668]
line-111 [891 778 892 767]
line-112 [1581 638 1589 638]
line-113 [902 720 902 696]
line-114 [668 667 679 667]
line-115 [1383 660 1389 660]
line-116 [1006 667 1012 667]
line-117 [452 666 462 666]
line-118 [1572 639 1580 639]
line-119 [1169 666 1177 666]
line-120 [1522 640 1527 640]
line-121 [1499 653 1506 653]
line-122 [676 673 681 673]
line-123 [674 675 680 675]
line-124 [997 668 1005 668]
line-125 [822 670 832 670]
line-126 [682 674 687 674]
line-127 [1503 651 1508 651]
line-128 [1451 645 1458 645]
line-129 [1395 656 1400 655]
line-130 [897 735 897 728]
line-131 [485 659 490 659]
line-132 [1319 706 1327 706]
line-133 [1410 653 1420 653]
line-134 [470 657 476 657]
line-135 [480 668 499 668]
line-136 [872 677 877 677]
line-137 [1338 670 1344 670]
line-138 [1550 641 1558 641]
line-139 [1329 662 1336 662]
line-140 [1904 628 1909 628]
line-141 [913 670 918 670]
line-142 [899 704 899 696]
line-143 [1512 635 1518 635]
line-144 [464 658 470 658]
line-145 [486 721 493 730]
line-146 [722 668 728 668]
line-147 [979 676 985 676]
line-148 [832 669 846 669]
line-149 [485 670 499 670]
line-150 [1345 669 1350 669]
line-151 [1673 658 1679 658]
