line-0 [1345 662 1370 662]
line-1 [477 668 498 668]
line-2 [1166 666 1180 666]
line-3 [1682 644 1694 644]
line-4 [1431 646 1442 646]
line-5 [1391 668 1399 668]
line-6 [1299 663 1337 663]
line-7 [1566 638 1572 638]
line-8 [1474 645 1486 645]
line-9 [1712 634 1721 634]
line-10 [652 666 668 666]
line-11 [1231 665 1238 665]
line-12 [1054 667 1068 667]
line-13 [941 671 951 671]
line-14 [902 733 902 686]
line-15 [470 657 475 657]
line-16 [543 666 565 666]
line-17 [1328 670 1346 670]
line-18 [618 663 623 663]
line-19 [904 668 911 668]
line-20 [1243 662 1253 662]
line-21 [1454 645 1460 645]
line-22 [682 674 687 674]
line-23 [1512 635 1517 635]
line-24 [897 734 897 726]
line-25 [1758 630 1764 630]
line-26 [856 679 866 679]
line-27 [1402 655 1407 655]
line-28 [635 673 643 673]
line-29 [993 669 998 669]
line-30 [600 673 628 673]
line-31 [702 668 711 668]
line-32 [1840 626 1845 626]
line-33 [1411 653 1419 653]
line-34 [577 663 587 663]
line-35 [1089 669 1095 669]
line-36 [1185 664 1190 664]
line-37 [713 677 723 677]
line-38 [538 671 550 671]
line-39 [634 671 647 671]
line-40 [1213 665 1218 665]
line-41 [978 676 989 676]
line-42 [954 675 964 675]
line-43 [824 674 833 674]
line-44 [1113 668 1127 668]
line-45 [1582 638 1607 638]
line-46 [1492 654 1504 654]
line-47 [1616 624 1638 624]
line-48 [483 719 505 747]
line-49 [532 663 537 663]
line-50 [1846 627 1852 627]
line-51 [1191 676 1201 676]
line-52 [1674 647 1681 647]
line-53 [668 667 679 667]
line-54 [1549 660 1555 660]
line-55 [1420 654 1434 654]
line-56 [1812 629 1827 629]
line-57 [1899 629 1904 629]
line-58 [612 665 617 665]
line-59 [1527 640 1532 640]
line-60 [1912 630 1918 630]
line-61 [867 671 875 671]
line-62 [508 660 515 660]
line-63 [832 669 845 669]
line-64 [1402 668 1437 668]
line-65 [1293 662 1298 662]
line-66 [553 662 559 662]
line-67 [1858 629 1875 629]
line-68 [637 667 644 667]
line-69 [870 677 888 677]
line-70 [593 664 602 664]
line-71 [1779 626 1786 626]
line-72 [912 670 919 670]
line-73 [945 677 953 677]
line-74 [1686 639 1691 639]
line-75 [561 672 597 672]
line-76 [676 673 682 673]
line-77 [1645 636 1664 636]
line-78 [1316 736 1329 736]
line-79 [1674 645 1681 645]
line-80 [892 773 892 767]
line-81 [827 670 832 670]
line-82 [1499 649 1510 649]
line-83 [902 743 902 760]
line-84 [1419 647 1430 647]
line-85 [1556 660 1574 657]
line-86 [1359 665 1365 665]
line-87 [1516 641 1527 641]
line-88 [897 725 897 720]
line-89 [1080 669 1087 669]
line-90 [718 674 723 674]
line-91 [1476 648 1481 648]
line-92 [999 668 1006 668]
line-93 [519 660 528 660]
line-94 [1695 643 1710 643]
line-95 [637 669 647 669]
line-96 [711 667 717 667]
line-97 [1523 637 1529 637]
line-98 [1674 658 1680 658]
line-99 [1855 624 1861 624]
line-100 [1773 627 1779 627]
line-101 [902 768 902 786]
line-102 [1286 661 1292 661]
line-103 [1519 665 1525 665]
line-104 [1439 653 1453 653]
line-105 [467 667 476 667]
line-106 [499 669 517 669]
line-107 [1020 668 1032 668]
line-108 [795 303 812 303]
line-109 [900 697 900 691]
line-110 [1894 628 1899 628]
line-111 [1536 637 1548 637]
line-112 [1201 663 1206 663]
line-113 [1103 668 1109 668]
line-114 [541 662 547 662]
line-115 [1256 664 1262 664]
line-116 [518 670 537 670]
line-117 [624 668 636 668]
line-118 [952 670 963 670]
line-119 [1502 651 1508 651]
line-120 [1550 641 1558 641]
line-121 [1133 668 1140 668]
line-122 [707 676 712 676]
line-123 [878 671 887 671]
line-124 [1335 668 1344 668]
line-125 [1272 661 1283 661]
line-126 [897 669 903 669]
line-127 [1339 775 1346 775]
line-128 [932 670 940 670]
line-129 [680 668 689 668]
line-130 [1012 668 1017 668]
line-131 [560 663 566 663]
line-132 [1394 656 1400 656]
line-133 [630 666 636 666]
line-134 [1069 667 1074 667]
line-135 [1395 738 1402 738]
line-136 [1491 652 1498 652]
line-137 [622 670 631 670]
line-138 [725 677 731 677]
line-139 [1531 668 1537 668]
line-140 [895 749 895 744]
line-141 [857 677 869 677]
line-142 [885 785 890 785]
line-143 [1501 635 1507 635]
line-144 [450 666 460 666]
line-145 [891 779 891 774]
line-146 [1184 675 1190 675]
line-147 [1683 646 1693 646]
line-148 [1704 631 1710 631]
line-149 [463 658 470 658]
