line-0 [1184 675 1191 675]
line-1 [719 668 729 668]
line-2 [1301 663 1339 663]
line-3 [669 667 679 667]
line-4 [1020 668 1031 668]
line-5 [1675 647 1683 647]
line-6 [1566 638 1573 638]
line-7 [832 669 845 669]
line-8 [622 670 630 670]
line-9 [651 666 662 666]
line-10 [1642 637 1648 637]
line-11 [1007 667 1012 667]
line-12 [1190 665 1195 665]
line-13 [1337 668 1344 668]
line-14 [701 675 706 675]
line-15 [868 677 889 677]
line-16 [1687 646 1694 646]
line-17 [680 668 690 668]
line-18 [496 669 515 669]
line-19 [593 664 601 664]
line-20 [1256 664 1262 664]
line-21 [520 660 528 660]
line-22 [1675 645 1685 645]
line-23 [1453 645 1460 645]
line-24 [1442 654 1455 653]
line-25 [1551 641 1558 641]
line-26 [801 666 812 666]
line-27 [1853 629 1870 629]
line-28 [1813 629 1825 629]
line-29 [1345 662 1371 662]
line-30 [749 669 754 669]
line-31 [939 671 953 671]
line-32 [955 675 964 675]
line-33 [1474 645 1486 645]
line-34 [892 776 892 770]
line-35 [1274 661 1283 661]
line-36 [912 670 920 670]
line-37 [635 669 646 669]
line-38 [1103 668 1109 668]
line-39 [467 667 477 667]
line-40 [555 668 564 668]
line-41 [733 668 740 668]
line-42 [1871 629 1876 629]
line-43 [1686 644 1699 644]
line-44 [1780 626 1788 626]
line-45 [516 670 537 670]
line-46 [1080 669 1087 669]
line-47 [1054 667 1075 667]
line-48 [518 672 537 672]
line-49 [1436 646 1446 646]
line-50 [577 663 587 663]
line-51 [899 706 899 700]
line-52 [1700 643 1715 643]
line-53 [691 672 696 672]
line-54 [1115 669 1128 668]
line-55 [1243 662 1253 662]
line-56 [754 668 761 668]
line-57 [1403 668 1430 668]
line-58 [1705 631 1711 631]
line-59 [902 781 902 752]
line-60 [1355 665 1366 665]
line-61 [1168 666 1180 666]
line-62 [543 666 564 666]
line-63 [624 668 634 668]
line-64 [1856 624 1861 624]
line-65 [879 671 887 671]
line-66 [602 665 608 665]
line-67 [1434 654 1439 654]
line-68 [1425 654 1431 654]
line-69 [1483 647 1488 647]
line-70 [727 677 733 677]
line-71 [903 734 903 751]
line-72 [1566 658 1571 658]
line-73 [1539 637 1549 637]
line-74 [1712 634 1721 634]
line-75 [1649 636 1665 636]
line-76 [1492 654 1503 654]
line-77 [560 663 565 663]
line-78 [1331 670 1341 670]
line-79 [637 667 644 667]
line-80 [1594 638 1608 638]
line-81 [843 677 850 677]
line-82 [898 722 898 715]
line-83 [618 663 624 663]
line-84 [903 668 911 668]
line-85 [1512 635 1517 635]
line-86 [945 677 953 677]
line-87 [1192 676 1203 676]
line-88 [1878 630 1883 630]
line-89 [553 662 559 662]
line-90 [902 699 902 694]
line-91 [1583 638 1590 638]
line-92 [812 668 821 668]
line-93 [1670 640 1676 640]
line-94 [1503 651 1509 651]
line-95 [1477 648 1482 648]
line-96 [1286 661 1292 661]
line-97 [1871 627 1876 627]
line-98 [1132 668 1140 668]
line-99 [1502 635 1509 635]
line-100 [1574 640 1579 640]
line-101 [503 740 507 745]
line-102 [866 671 876 671]
line-103 [827 670 832 670]
line-104 [487 720 501 738]
line-105 [931 670 938 670]
line-106 [1547 660 1559 660]
line-107 [824 674 834 674]
line-108 [1223 662 1228 662]
line-109 [634 671 646 671]
line-110 [1201 663 1206 663]
line-111 [506 660 512 660]
line-112 [1618 624 1636 624]
line-113 [611 665 616 665]
line-114 [900 696 900 689]
line-115 [1846 627 1853 627]
line-116 [1492 653 1502 652]
line-117 [897 737 897 732]
line-118 [1913 630 1919 630]
line-119 [897 731 897 724]
line-120 [625 665 636 666]
line-121 [1389 660 1396 660]
line-122 [1416 653 1421 653]
line-123 [1518 641 1528 641]
line-124 [1692 636 1698 636]
line-125 [471 657 476 657]
line-126 [715 677 726 677]
line-127 [1528 668 1545 668]
line-128 [1905 628 1910 628]
line-129 [1527 640 1532 640]
line-130 [538 671 552 671]
line-131 [1518 636 1523 636]
line-132 [1342 670 1348 670]
line-133 [690 666 695 666]
