line-0 [994 669 999 669]
line-1 [669 667 679 667]
line-2 [942 671 952 671]
line-3 [1383 660 1394 660]
line-4 [556 668 565 668]
line-5 [1356 661 1366 661]
line-6 [878 671 888 671]
line-7 [1201 663 1206 663]
line-8 [718 668 729 668]
line-9 [871 677 885 677]
line-10 [1859 629 1875 629]
line-11 [1151 665 1156 665]
line-12 [637 669 648 669]
line-13 [470 657 476 657]
line-14 [721 673 726 673]
line-15 [1345 662 1355 662]
line-16 [467 667 477 667]
line-17 [1846 627 1853 627]
line-18 [902 786 902 740]
line-19 [637 667 643 667]
line-20 [1020 668 1032 668]
line-21 [1165 666 1180 666]
line-22 [1119 668 1128 668]
line-23 [912 673 917 673]
line-24 [644 666 662 666]
line-25 [506 660 515 660]
line-26 [913 670 919 670]
line-27 [1286 661 1293 661]
line-28 [718 677 732 677]
line-29 [1441 653 1450 653]
line-30 [464 658 470 658]
line-31 [1360 663 1366 663]
line-32 [1599 638 1606 638]
line-33 [676 673 681 673]
line-34 [1222 662 1228 662]
line-35 [1811 629 1821 629]
line-36 [850 669 856 669]
line-37 [1656 636 1664 636]
line-38 [1479 647 1485 647]
line-39 [634 671 647 671]
line-40 [1184 664 1189 664]
line-41 [1133 668 1140 668]
line-42 [577 663 587 663]
line-43 [1550 641 1560 641]
line-44 [1519 665 1528 664]
line-45 [540 671 552 671]
line-46 [822 670 832 670]
line-47 [1769 627 1774 627]
line-48 [946 677 952 677]
line-49 [806 666 811 666]
line-50 [1089 669 1094 669]
line-51 [1272 661 1283 661]
line-52 [1588 638 1597 638]
line-53 [761 667 771 667]
line-54 [1533 637 1548 637]
line-55 [1712 634 1721 634]
line-56 [1394 658 1399 658]
line-57 [1006 667 1012 667]
line-58 [1408 654 1420 653]
line-59 [954 675 962 675]
line-60 [1313 663 1327 663]
line-61 [1681 644 1690 644]
line-62 [1517 641 1525 641]
line-63 [1685 639 1691 639]
line-64 [1232 665 1238 665]
line-65 [824 677 835 677]
line-66 [521 660 529 660]
line-67 [824 674 834 674]
line-68 [1243 662 1253 662]
line-69 [680 668 688 668]
line-70 [1674 645 1680 645]
line-71 [836 676 843 676]
line-72 [812 668 821 668]
line-73 [1583 656 1591 655]
line-74 [520 670 539 670]
line-75 [931 670 940 670]
line-76 [1512 635 1517 635]
line-77 [482 718 508 750]
line-78 [1685 646 1693 646]
line-79 [552 662 560 662]
line-80 [1885 628 1890 628]
line-81 [897 723 897 718]
line-82 [1344 669 1350 669]
line-83 [1545 660 1556 660]
line-84 [733 668 739 668]
line-85 [501 669 518 669]
line-86 [1336 662 1342 662]
line-87 [1402 668 1429 668]
line-88 [1811 631 1816 631]
line-89 [902 668 911 668]
line-90 [1000 668 1006 668]
line-91 [1328 670 1333 670]
line-92 [1452 645 1459 645]
line-93 [897 732 897 726]
line-94 [547 666 566 666]
line-95 [593 664 602 664]
line-96 [1080 669 1087 669]
line-97 [706 676 713 676]
line-98 [1190 665 1195 665]
line-99 [1758 630 1764 630]
line-100 [1065 667 1074 667]
line-101 [1877 630 1882 630]
line-102 [1300 663 1312 663]
line-103 [1058 667 1064 667]
line-104 [623 670 628 670]
line-105 [1644 636 1655 636]
line-106 [1914 630 1919 630]
line-107 [856 679 866 679]
line-108 [773 669 778 669]
line-109 [1421 654 1430 654]
line-110 [953 670 964 670]
line-111 [624 668 636 668]
line-112 [1616 624 1638 624]
line-113 [1518 636 1523 636]
line-114 [902 697 902 692]
line-115 [524 672 539 672]
line-116 [890 786 891 773]
line-117 [867 671 872 671]
line-118 [754 668 760 668]
line-119 [1700 643 1708 643]
line-120 [478 668 500 668]
line-121 [844 677 849 677]
line-122 [896 740 897 733]
line-123 [1557 659 1564 659]
line-124 [1256 664 1262 664]
line-125 [674 675 680 675]
line-126 [892 772 892 765]
line-127 [1336 670 1342 670]
line-128 [1394 656 1403 656]
line-129 [1779 626 1787 626]
line-130 [1899 629 1904 629]
line-131 [1576 639 1581 639]
line-132 [531 660 538 660]
line-133 [1692 636 1697 636]
line-134 [902 734 902 699]
line-135 [532 663 537 663]
line-136 [832 669 845 669]
line-137 [691 672 696 672]
line-138 [1855 624 1861 624]
line-139 [602 665 608 665]
line-140 [1328 663 1335 663]
line-141 [1342 667 1347 667]
line-142 [618 663 624 663]
line-143 [899 705 900 689]
line-144 [1336 775 1357 775]
line-145 [994 803 999 803]
line-146 [1671 660 1679 660]
line-147 [1704 631 1710 631]
