line-0 [1309 663 1337 663]
line-1 [624 668 635 668]
line-2 [532 663 537 663]
line-3 [1545 660 1557 660]
line-4 [669 667 679 667]
line-5 [1492 654 1504 654]
line-6 [1474 645 1486 645]
line-7 [555 668 562 668]
line-8 [505 669 519 669]
line-9 [1627 624 1633 624]
line-10 [1649 636 1664 636]
line-11 [1412 653 1420 653]
line-12 [1165 666 1180 666]
line-13 [690 666 695 666]
line-14 [636 669 647 669]
line-15 [1812 629 1830 629]
line-16 [600 673 629 673]
line-17 [478 668 500 668]
line-18 [1516 641 1532 640]
line-19 [1424 654 1438 654]
line-20 [1812 631 1817 631]
line-21 [577 663 587 663]
line-22 [832 669 846 669]
line-23 [1054 667 1074 667]
line-24 [520 670 539 670]
line-25 [953 670 964 670]
line-26 [946 677 952 677]
line-27 [1552 641 1561 641]
line-28 [1273 661 1282 661]
line-29 [902 733 902 717]
line-30 [477 658 484 658]
line-31 [1113 668 1125 668]
line-32 [1583 638 1607 638]
line-33 [931 670 941 670]
line-34 [1698 643 1714 643]
line-35 [978 676 986 676]
line-36 [942 671 952 671]
line-37 [637 667 650 667]
line-38 [1231 665 1238 665]
line-39 [1758 630 1765 630]
line-40 [867 677 877 677]
line-41 [593 664 602 664]
line-42 [1453 645 1459 645]
line-43 [902 668 911 668]
line-44 [1852 629 1876 629]
line-45 [1345 662 1371 662]
line-46 [897 736 897 731]
line-47 [1338 662 1343 662]
line-48 [1540 637 1549 637]
line-49 [542 662 547 662]
line-50 [902 687 902 701]
line-51 [569 672 599 672]
line-52 [902 747 902 772]
line-53 [733 668 741 668]
line-54 [674 675 679 675]
line-55 [1674 647 1682 647]
line-56 [1692 636 1698 636]
line-57 [778 777 822 777]
line-58 [1328 670 1337 670]
line-59 [543 666 556 666]
line-60 [895 750 895 745]
line-61 [1299 663 1306 663]
line-62 [676 673 682 673]
line-63 [651 666 668 666]
line-64 [959 675 965 675]
line-65 [531 660 538 660]
line-66 [879 671 887 671]
line-67 [1395 658 1400 658]
line-68 [1286 661 1292 661]
line-69 [707 676 714 676]
line-70 [881 677 887 677]
line-71 [1675 645 1685 645]
line-72 [1712 634 1721 634]
line-73 [1443 653 1449 653]
line-74 [1201 663 1206 663]
line-75 [711 667 718 667]
line-76 [1020 668 1031 668]
line-77 [470 657 476 657]
line-78 [1421 668 1438 668]
line-79 [1517 636 1523 636]
line-80 [1519 665 1525 665]
line-81 [1293 662 1298 662]
line-82 [486 721 502 741]
line-83 [1244 662 1249 662]
line-84 [1104 668 1109 668]
line-85 [520 660 528 660]
line-86 [1686 639 1691 639]
line-87 [1476 648 1481 648]
line-88 [345 532 354 544]
line-89 [898 714 898 708]
line-90 [816 299 839 299]
line-91 [913 670 919 670]
line-92 [1583 656 1592 655]
line-93 [1080 669 1087 669]
line-94 [1780 626 1787 626]
line-95 [633 671 646 671]
line-96 [553 662 559 662]
line-97 [1553 635 1558 635]
line-98 [767 778 777 778]
line-99 [1491 653 1498 652]
line-100 [994 669 1004 669]
line-101 [722 677 739 677]
line-102 [836 778 850 779]
line-103 [1338 670 1350 669]
line-104 [680 668 690 668]
line-105 [339 523 347 533]
line-106 [1565 638 1572 638]
line-107 [1565 658 1571 658]
line-108 [1415 647 1420 647]
line-109 [891 780 892 766]
line-110 [467 667 477 667]
line-111 [1141 667 1147 667]
line-112 [932 676 937 676]
line-113 [1676 643 1681 643]
line-114 [627 666 636 666]
line-115 [719 668 729 668]
line-116 [1836 622 1841 622]
line-117 [709 672 715 672]
line-118 [602 665 608 665]
line-119 [1705 631 1710 631]
line-120 [1686 644 1696 644]
line-121 [1878 630 1883 630]
line-122 [695 676 700 676]
line-123 [1190 665 1195 665]
line-124 [1133 668 1140 668]
line-125 [540 671 551 671]
line-126 [1337 668 1342 668]
line-127 [913 673 918 673]
line-128 [1911 630 1919 630]
line-129 [1387 660 1395 660]
line-130 [1182 675 1190 675]
line-131 [897 730 897 724]
line-132 [691 672 696 672]
line-133 [1687 646 1694 646]
line-134 [1504 651 1510 651]
line-135 [1856 624 1863 624]
line-136 [1256 664 1262 664]
line-137 [557 666 562 666]
line-138 [902 773 902 784]
line-139 [1223 662 1228 662]
line-140 [563 667 569 667]
line-141 [1366 705 1375 705]
line-142 [893 762 894 751]
line-143 [560 663 565 663]
line-144 [468 669 477 669]
