line-0 [1345 662 1370 662]
line-1 [719 668 729 668]
line-2 [638 667 644 667]
line-3 [650 666 662 666]
line-4 [1436 653 1449 653]
line-5 [1133 668 1140 668]
line-6 [1646 636 1655 636]
line-7 [1006 667 1012 667]
line-8 [1184 664 1190 664]
line-9 [690 666 695 666]
line-10 [1758 630 1764 630]
line-11 [832 669 845 669]
line-12 [477 668 499 668]
line-13 [577 663 587 663]
line-14 [1504 653 1509 653]
line-15 [1119 668 1128 668]
line-16 [1656 636 1664 636]
line-17 [1212 665 1217 665]
line-18 [1862 629 1876 629]
line-19 [942 671 951 671]
line-20 [1704 631 1710 631]
line-21 [1046 666 1051 666]
line-22 [519 660 528 660]
line-23 [1811 629 1820 629]
line-24 [1572 639 1581 639]
line-25 [1141 667 1147 667]
line-26 [1080 669 1087 669]
line-27 [618 663 623 663]
line-28 [902 785 902 743]
line-29 [1525 640 1532 640]
line-30 [1058 667 1075 667]
line-31 [1432 646 1449 646]
line-32 [874 677 889 677]
line-33 [1681 644 1686 644]
line-34 [734 674 741 674]
line-35 [952 670 964 670]
line-36 [523 672 538 672]
line-37 [602 673 629 673]
line-38 [979 676 987 676]
line-39 [1161 665 1168 665]
line-40 [955 675 964 675]
line-41 [1536 637 1549 637]
line-42 [539 671 551 671]
line-43 [1545 660 1551 660]
line-44 [1422 654 1435 654]
line-45 [622 670 627 670]
line-46 [1152 665 1157 665]
line-47 [624 668 633 668]
line-48 [1191 665 1198 665]
line-49 [1334 662 1342 662]
line-50 [500 669 519 669]
line-51 [754 668 761 668]
line-52 [1712 634 1722 634]
line-53 [1450 645 1459 645]
line-54 [1256 664 1262 664]
line-55 [714 677 738 677]
line-56 [801 666 811 666]
line-57 [543 666 566 666]
line-58 [866 671 876 671]
line-59 [602 665 607 665]
line-60 [1299 663 1331 663]
line-61 [634 671 647 671]
line-62 [860 675 865 675]
line-63 [1904 628 1909 628]
line-64 [1285 661 1292 661]
line-65 [1191 676 1206 676]
line-66 [637 669 647 669]
line-67 [898 717 898 709]
line-68 [1590 638 1606 638]
line-69 [1708 643 1714 643]
line-70 [1415 668 1429 668]
line-71 [1779 626 1788 626]
line-72 [1682 640 1691 639]
line-73 [1562 659 1569 658]
line-74 [532 663 537 663]
line-75 [507 660 515 660]
line-76 [1801 630 1810 630]
line-77 [470 657 475 657]
line-78 [837 679 856 679]
line-79 [1856 629 1861 629]
line-80 [467 667 476 667]
line-81 [901 668 911 668]
line-82 [1617 624 1638 624]
line-83 [1021 668 1032 668]
line-84 [1244 662 1253 662]
line-85 [1877 630 1882 630]
line-86 [1491 652 1498 652]
line-87 [902 701 902 695]
line-88 [1552 635 1558 635]
line-89 [946 677 952 677]
line-90 [524 670 538 670]
line-91 [541 662 547 662]
line-92 [669 667 679 667]
line-93 [1128 667 1133 667]
line-94 [347 536 356 547]
line-95 [1184 675 1190 675]
line-96 [711 667 718 667]
line-97 [815 668 821 668]
line-98 [1512 635 1517 635]
line-99 [1414 653 1421 653]
line-100 [935 675 940 675]
line-101 [593 664 602 664]
line-102 [843 677 849 677]
line-103 [931 670 940 670]
line-104 [892 773 892 768]
line-105 [850 669 855 669]
line-106 [1838 627 1846 626]
line-107 [1685 646 1693 646]
line-108 [895 749 895 743]
line-109 [1169 666 1178 666]
line-110 [1415 647 1423 647]
line-111 [1549 641 1560 641]
line-112 [486 722 508 748]
line-113 [1328 670 1335 670]
line-114 [1480 647 1486 647]
line-115 [1847 627 1852 627]
line-116 [827 674 835 674]
line-117 [1200 663 1207 663]
line-118 [626 665 636 666]
line-119 [552 662 559 662]
line-120 [1674 647 1679 647]
line-121 [706 676 713 676]
line-122 [1500 651 1509 651]
line-123 [903 736 903 742]
line-124 [999 668 1005 668]
line-125 [1518 641 1524 641]
line-126 [1231 665 1238 665]
line-127 [1497 654 1503 654]
line-128 [822 670 831 670]
line-129 [859 677 869 677]
line-130 [897 735 897 726]
line-131 [1383 660 1388 660]
line-132 [1499 649 1509 649]
line-133 [745 668 754 669]
line-134 [1581 638 1589 638]
line-135 [1271 661 1282 661]
line-136 [1479 645 1484 645]
line-137 [791 668 797 668]
line-138 [1674 658 1680 658]
line-139 [560 663 565 663]
line-140 [857 679 866 679]
line-141 [1696 643 1702 643]
line-142 [890 784 891 774]
line-143 [902 723 902 707]
line-144 [339 523 347 534]
line-145 [912 670 919 670]
line-146 [1582 656 1587 656]
line-147 [531 660 538 660]
line-148 [556 668 565 668]
line-149 [1855 624 1861 624]
line-150 [1089 669 1094 669]
