line-0 [1302 663 1341 663]
line-1 [1011 668 1017 668]
line-2 [1024 668 1031 668]
line-3 [1345 662 1372 662]
line-4 [612 665 617 665]
line-5 [1644 637 1655 637]
line-6 [499 669 537 670]
line-7 [477 668 498 668]
line-8 [1113 668 1122 668]
line-9 [467 667 476 667]
line-10 [861 679 874 679]
line-11 [1675 647 1686 647]
line-12 [657 666 669 666]
line-13 [754 668 760 668]
line-14 [600 673 628 673]
line-15 [624 668 635 668]
line-16 [1054 667 1074 667]
line-17 [1418 654 1428 654]
line-18 [1725 634 1733 634]
line-19 [711 667 718 667]
line-20 [1213 665 1219 665]
line-21 [1565 638 1573 638]
line-22 [701 675 707 675]
line-23 [1750 636 1755 636]
line-24 [1480 645 1488 645]
line-25 [1836 622 1842 622]
line-26 [1813 629 1827 629]
line-27 [1552 641 1562 641]
line-28 [1633 625 1641 625]
line-29 [1845 627 1855 627]
line-30 [637 667 644 667]
line-31 [726 677 740 677]
line-32 [856 677 861 677]
line-33 [953 670 963 670]
line-34 [453 655 459 655]
line-35 [902 780 902 752]
line-36 [709 676 714 676]
line-37 [547 663 552 663]
line-38 [538 671 551 671]
line-39 [1802 630 1812 630]
line-40 [1337 670 1355 670]
line-41 [1554 639 1561 639]
line-42 [1090 669 1096 669]
line-43 [1878 630 1884 630]
line-44 [902 688 902 703]
line-45 [733 668 740 668]
line-46 [946 677 953 677]
line-47 [954 675 964 675]
line-48 [644 674 652 674]
line-49 [1890 629 1895 629]
line-50 [1516 641 1527 641]
line-51 [635 673 643 673]
line-52 [1337 668 1346 668]
line-53 [1164 666 1172 666]
line-54 [1383 669 1391 669]
line-55 [1676 645 1684 645]
line-56 [639 669 646 669]
line-57 [577 663 587 663]
line-58 [1567 658 1574 657]
line-59 [898 718 900 690]
line-60 [1476 648 1482 648]
line-61 [514 661 519 661]
line-62 [1688 646 1695 646]
line-63 [1395 658 1400 658]
line-64 [1553 635 1558 635]
line-65 [1292 662 1297 662]
line-66 [1671 640 1676 640]
line-67 [1780 626 1787 626]
line-68 [553 662 559 662]
line-69 [532 663 537 663]
line-70 [680 668 688 668]
line-71 [1535 638 1541 638]
line-72 [1080 669 1087 669]
line-73 [532 660 538 660]
line-74 [1596 638 1610 637]
line-75 [1656 636 1664 636]
line-76 [1912 630 1919 630]
line-77 [1043 666 1048 666]
line-78 [1620 624 1629 624]
line-79 [1231 665 1239 665]
line-80 [1256 664 1263 664]
line-81 [1857 624 1862 624]
line-82 [614 675 628 675]
line-83 [1548 660 1559 660]
line-84 [1103 668 1109 668]
line-85 [1542 637 1550 637]
line-86 [1183 675 1191 675]
line-87 [1174 666 1181 666]
line-88 [1515 636 1522 636]
line-89 [903 718 903 704]
line-90 [719 668 729 668]
line-91 [1344 707 1349 707]
line-92 [1273 661 1282 661]
line-93 [484 717 490 724]
line-94 [1706 643 1715 643]
line-95 [602 665 608 665]
line-96 [703 668 711 668]
line-97 [560 667 569 667]
line-98 [904 668 911 668]
line-99 [1502 635 1508 635]
line-100 [520 660 528 660]
line-101 [897 669 903 669]
line-102 [866 677 889 677]
line-103 [1715 634 1720 634]
line-104 [1192 676 1203 676]
line-105 [634 671 646 671]
line-106 [1385 661 1391 661]
line-107 [593 664 602 664]
line-108 [1900 629 1906 629]
line-109 [715 677 723 677]
line-110 [1705 631 1711 631]
line-111 [499 735 506 743]
line-112 [1483 647 1489 647]
line-113 [1855 629 1873 629]
line-114 [869 294 879 294]
line-115 [942 671 952 671]
line-116 [629 674 634 674]
line-117 [849 679 860 679]
line-118 [893 766 893 760]
line-119 [627 666 636 666]
line-120 [1694 644 1705 644]
line-121 [542 666 559 666]
line-122 [1410 668 1419 668]
line-123 [904 782 909 782]
line-124 [1133 668 1141 668]
line-125 [879 671 887 671]
line-126 [976 671 981 671]
line-127 [1223 662 1228 662]
line-128 [1350 668 1355 668]
line-129 [1443 653 1450 653]
line-130 [560 663 565 663]
line-131 [897 730 897 723]
line-132 [1287 661 1292 661]
line-133 [1452 653 1457 653]
line-134 [618 663 623 663]
line-135 [895 748 896 738]
line-136 [1361 779 1373 779]
line-137 [913 670 920 670]
line-138 [903 751 903 734]
line-139 [1895 628 1900 628]
line-140 [747 669 754 669]
line-141 [1432 654 1442 654]
line-142 [1573 640 1579 640]
line-143 [994 669 999 669]
line-144 [1403 655 1409 655]
line-145 [1677 643 1683 642]
