line-0 [1345 662 1372 662]
line-1 [669 667 679 667]
line-2 [560 663 565 663]
line-3 [704 668 711 668]
line-4 [543 666 563 666]
line-5 [1600 638 1609 638]
line-6 [1054 667 1074 667]
line-7 [1175 666 1182 666]
line-8 [958 671 964 671]
line-9 [495 669 515 669]
line-10 [1112 668 1122 668]
line-11 [1231 665 1240 665]
line-12 [1417 654 1435 654]
line-13 [539 671 551 671]
line-14 [1554 639 1562 639]
line-15 [578 663 587 663]
line-16 [633 671 646 671]
line-17 [930 671 954 671]
line-18 [1133 668 1141 668]
line-19 [1097 667 1102 667]
line-20 [879 677 888 677]
line-21 [1857 624 1869 624]
line-22 [1080 669 1086 669]
line-23 [1438 646 1452 646]
line-24 [629 669 647 669]
line-25 [903 668 911 668]
line-26 [1816 629 1827 629]
line-27 [516 670 538 670]
line-28 [520 660 528 660]
line-29 [1528 664 1534 664]
line-30 [1586 639 1597 639]
line-31 [1420 669 1428 669]
line-32 [1411 668 1419 668]
line-33 [1493 654 1508 654]
line-34 [1356 665 1362 665]
line-35 [897 669 902 669]
line-36 [532 660 538 660]
line-37 [976 671 981 671]
line-38 [1304 664 1312 664]
line-39 [1554 641 1561 641]
line-40 [1043 666 1050 666]
line-41 [1026 668 1031 668]
line-42 [1276 661 1281 661]
line-43 [547 668 564 668]
line-44 [1903 629 1908 629]
line-45 [553 662 559 662]
line-46 [1167 675 1192 675]
line-47 [1693 636 1699 636]
line-48 [602 665 608 665]
line-49 [866 672 876 671]
line-50 [476 668 494 668]
line-51 [1439 654 1450 653]
line-52 [1912 630 1919 630]
line-53 [1164 666 1171 666]
line-54 [754 668 761 668]
line-55 [892 777 894 754]
line-56 [1677 645 1691 645]
line-57 [1716 634 1721 634]
line-58 [1243 663 1249 663]
line-59 [1646 637 1657 637]
line-60 [748 669 754 669]
line-61 [657 666 669 666]
line-62 [636 667 652 667]
line-63 [1412 648 1420 648]
line-64 [1330 663 1338 663]
line-65 [933 676 940 676]
line-66 [1264 663 1269 663]
line-67 [913 670 920 670]
line-68 [1684 640 1690 640]
line-69 [734 674 739 674]
line-70 [903 719 903 705]
line-71 [946 677 953 677]
line-72 [1400 669 1410 669]
line-73 [902 770 902 756]
line-74 [1675 647 1687 647]
line-75 [1476 648 1483 648]
line-76 [1090 669 1096 669]
line-77 [1495 652 1505 652]
line-78 [898 721 898 709]
line-79 [1514 636 1522 636]
line-80 [1837 622 1842 622]
line-81 [1517 641 1522 641]
line-82 [1484 647 1489 647]
line-83 [1759 630 1766 630]
line-84 [592 664 602 664]
line-85 [1775 627 1781 627]
line-86 [1845 627 1850 627]
line-87 [1421 647 1436 647]
line-88 [903 740 903 751]
line-89 [1871 627 1877 627]
line-90 [1535 638 1540 638]
line-91 [1475 645 1487 645]
line-92 [484 716 490 723]
line-93 [1541 637 1550 637]
line-94 [1103 668 1110 668]
line-95 [1349 665 1355 665]
line-96 [718 674 723 674]
line-97 [1619 624 1624 624]
line-98 [1329 670 1354 670]
line-99 [1314 663 1329 663]
line-100 [718 668 729 668]
line-101 [1568 658 1579 658]
line-102 [1671 640 1676 640]
line-103 [1335 668 1348 668]
line-104 [514 661 519 661]
line-105 [900 700 900 690]
line-106 [866 677 878 677]
line-107 [955 675 965 675]
line-108 [680 668 690 668]
line-109 [1878 630 1885 630]
line-110 [1379 781 1384 782]
line-111 [467 667 475 667]
line-112 [1010 668 1022 668]
line-113 [611 665 616 665]
line-114 [1781 626 1789 626]
line-115 [1726 634 1731 634]
line-116 [1565 638 1573 638]
line-117 [494 729 505 742]
line-118 [467 669 473 669]
line-119 [690 666 695 666]
line-120 [1553 660 1559 660]
line-121 [1365 780 1371 780]
line-122 [626 665 635 666]
line-123 [618 663 623 663]
line-124 [699 675 706 675]
line-125 [902 693 902 704]
line-126 [733 668 740 668]
line-127 [1287 661 1292 661]
line-128 [1633 625 1641 625]
line-129 [547 663 552 663]
line-130 [887 293 892 293]
line-131 [903 731 903 736]
line-132 [1693 644 1701 644]
line-133 [1523 641 1528 641]
line-134 [1677 643 1682 643]
line-135 [541 662 546 662]
line-136 [1298 663 1303 663]
line-137 [1345 707 1352 707]
