line-0 [1055 667 1075 667]
line-1 [680 668 690 668]
line-2 [1494 652 1508 652]
line-3 [754 668 761 668]
line-4 [733 668 740 668]
line-5 [669 667 679 667]
line-6 [593 664 602 664]
line-7 [1090 669 1095 669]
line-8 [1307 663 1341 663]
line-9 [913 670 920 670]
line-10 [1677 647 1691 647]
line-11 [499 669 520 669]
line-12 [652 666 662 666]
line-13 [1275 661 1282 661]
line-14 [1694 636 1700 636]
line-15 [1011 668 1018 668]
line-16 [519 660 528 660]
line-17 [1414 653 1420 653]
line-18 [1518 641 1529 641]
line-19 [897 741 897 733]
line-20 [1592 639 1597 639]
line-21 [1080 669 1087 669]
line-22 [1646 637 1658 637]
line-23 [454 655 460 655]
line-24 [978 676 991 676]
line-25 [1598 638 1612 637]
line-26 [1566 638 1574 638]
line-27 [1104 668 1110 668]
line-28 [622 670 627 670]
line-29 [553 662 560 662]
line-30 [1421 654 1432 654]
line-31 [1583 666 1589 666]
line-32 [1905 629 1912 629]
line-33 [1727 634 1732 634]
line-34 [506 660 518 661]
line-35 [903 668 911 668]
line-36 [1231 665 1242 665]
line-37 [1494 654 1510 654]
line-38 [1913 630 1919 630]
line-39 [539 671 551 671]
line-40 [547 666 564 666]
line-41 [633 671 647 671]
line-42 [942 671 952 671]
line-43 [1435 654 1441 654]
line-44 [1846 627 1851 627]
line-45 [618 663 624 663]
line-46 [1776 627 1782 627]
line-47 [1709 643 1715 643]
line-48 [1872 627 1878 627]
line-49 [646 674 652 674]
line-50 [1142 667 1148 667]
line-51 [1627 624 1634 624]
line-52 [1585 657 1591 657]
line-53 [903 736 903 699]
line-54 [1177 675 1192 675]
line-55 [1346 662 1373 662]
line-56 [1761 630 1767 630]
line-57 [470 657 477 657]
line-58 [521 670 538 670]
line-59 [1529 664 1535 664]
line-60 [634 673 645 673]
line-61 [893 773 893 767]
line-62 [1694 644 1708 644]
line-63 [1329 670 1337 670]
line-64 [1113 668 1123 668]
line-65 [933 676 939 676]
line-66 [1543 637 1551 637]
line-67 [1782 626 1789 626]
line-68 [1818 629 1828 629]
line-69 [624 668 643 669]
line-70 [719 668 729 668]
line-71 [1413 648 1420 648]
line-72 [900 702 900 693]
line-73 [1338 670 1346 670]
line-74 [1558 667 1582 667]
line-75 [1475 645 1486 645]
line-76 [577 663 587 663]
line-77 [1686 640 1693 640]
line-78 [1680 645 1688 645]
line-79 [483 716 503 742]
line-80 [1516 636 1523 636]
line-81 [902 676 908 676]
line-82 [945 677 952 677]
line-83 [522 672 538 672]
line-84 [1575 640 1581 640]
line-85 [893 766 894 759]
line-86 [1576 665 1582 665]
line-87 [496 658 501 658]
line-88 [1858 624 1867 624]
line-89 [903 759 903 773]
line-90 [1133 668 1141 668]
line-91 [1620 624 1626 624]
line-92 [531 660 538 660]
line-93 [1476 648 1483 648]
line-94 [637 667 645 667]
line-95 [960 675 965 675]
line-96 [532 663 537 663]
line-97 [1257 664 1264 664]
line-98 [602 665 608 665]
line-99 [1165 666 1172 666]
line-100 [556 668 564 668]
line-101 [1855 629 1864 629]
line-102 [1635 625 1642 625]
line-103 [745 668 750 668]
line-104 [1377 784 1388 784]
line-105 [1175 666 1181 666]
line-106 [1300 671 1305 671]
line-107 [899 718 899 703]
line-108 [1812 630 1817 630]
line-109 [1717 634 1722 634]
line-110 [1751 636 1756 636]
line-111 [766 667 771 667]
line-112 [1865 629 1872 629]
line-113 [1546 661 1556 660]
line-114 [1287 661 1293 661]
line-115 [953 670 958 670]
line-116 [1882 630 1887 630]
line-117 [629 666 636 666]
line-118 [962 302 967 303]
line-119 [1404 655 1409 655]
line-120 [1336 668 1348 668]
line-121 [478 668 498 668]
line-122 [1896 628 1901 628]
line-123 [1484 647 1490 647]
line-124 [467 667 477 667]
line-125 [935 670 940 670]
line-126 [1026 668 1032 668]
line-127 [949 299 955 300]
