line-0 [1133 668 1141 668]
line-1 [1026 668 1032 668]
line-2 [1177 675 1192 675]
line-3 [1421 669 1428 669]
line-4 [1010 668 1021 668]
line-5 [733 668 740 668]
line-6 [946 677 954 677]
line-7 [1493 654 1507 654]
line-8 [873 677 889 677]
line-9 [897 669 904 669]
line-10 [1256 664 1264 664]
line-11 [1202 663 1207 663]
line-12 [479 668 496 668]
line-13 [467 667 478 667]
line-14 [1517 641 1529 641]
line-15 [497 669 517 669]
line-16 [669 667 679 667]
line-17 [1175 666 1181 666]
line-18 [1857 625 1870 624]
line-19 [1103 668 1110 668]
line-20 [1299 663 1341 663]
line-21 [1726 634 1734 634]
line-22 [622 670 628 670]
line-23 [1243 663 1249 663]
line-24 [505 660 510 660]
line-25 [1904 629 1912 629]
line-26 [832 669 843 669]
line-27 [593 664 602 664]
line-28 [711 667 718 667]
line-29 [618 663 624 663]
line-30 [1474 645 1487 645]
line-31 [913 670 920 670]
line-32 [622 667 631 668]
line-33 [1694 636 1699 636]
line-34 [1565 638 1573 638]
line-35 [1445 653 1451 653]
line-36 [903 778 903 727]
line-37 [1913 630 1919 630]
line-38 [680 668 689 668]
line-39 [1865 629 1879 629]
line-40 [700 675 706 675]
line-41 [827 670 832 670]
line-42 [1349 665 1366 665]
line-43 [702 668 711 668]
line-44 [1165 666 1171 666]
line-45 [1854 629 1864 629]
line-46 [633 671 646 671]
line-47 [1600 638 1610 638]
line-48 [1493 652 1508 652]
line-49 [1346 662 1372 662]
line-50 [1708 643 1716 643]
line-51 [541 662 546 662]
line-52 [1713 634 1722 634]
line-53 [1542 637 1550 637]
line-54 [560 663 565 663]
line-55 [1872 627 1877 627]
line-56 [994 669 1004 669]
line-57 [1689 646 1696 646]
line-58 [1782 626 1789 626]
line-59 [1054 667 1074 667]
line-60 [676 673 682 673]
line-61 [1338 670 1354 670]
line-62 [948 671 954 671]
line-63 [868 671 876 671]
line-64 [636 667 643 667]
line-65 [754 668 761 668]
line-66 [1231 665 1240 665]
line-67 [1550 660 1561 660]
line-68 [1685 640 1692 640]
line-69 [627 666 635 666]
line-70 [899 709 900 691]
line-71 [1418 647 1432 647]
line-72 [577 663 587 663]
line-73 [632 669 647 669]
line-74 [1879 630 1885 630]
line-75 [634 673 644 673]
line-76 [905 668 911 668]
line-77 [708 676 714 676]
line-78 [1679 645 1688 645]
line-79 [1689 644 1701 644]
line-80 [893 769 894 757]
line-81 [1643 637 1662 636]
line-82 [726 677 740 677]
line-83 [499 658 504 658]
line-84 [1213 665 1219 665]
line-85 [1475 648 1483 648]
line-86 [539 671 550 671]
line-87 [718 674 723 674]
line-88 [543 666 563 666]
line-89 [867 677 872 677]
line-90 [1350 668 1356 668]
line-91 [511 661 519 661]
line-92 [656 666 669 666]
line-93 [1420 654 1444 654]
line-94 [1409 668 1416 668]
line-95 [487 720 505 742]
line-96 [1678 647 1688 647]
line-97 [802 666 808 666]
line-98 [824 674 835 674]
line-99 [520 660 528 660]
line-100 [1484 647 1489 647]
line-101 [1634 625 1642 625]
line-102 [1090 669 1096 669]
line-103 [1824 629 1829 629]
line-104 [1570 658 1580 658]
line-105 [709 672 714 672]
line-106 [1274 661 1282 661]
line-107 [1287 661 1293 661]
line-108 [1113 668 1122 668]
line-109 [602 665 608 665]
line-110 [1503 635 1508 635]
line-111 [532 660 538 660]
line-112 [1535 638 1541 638]
line-113 [902 676 907 676]
line-114 [795 669 800 669]
line-115 [518 670 538 670]
line-116 [1329 670 1335 670]
line-117 [470 657 476 657]
line-118 [1515 636 1522 636]
line-119 [719 668 729 668]
line-120 [1761 630 1767 630]
line-121 [1816 629 1823 629]
line-122 [1304 671 1310 671]
line-123 [1223 662 1228 662]
line-124 [933 676 940 676]
line-125 [1624 624 1630 624]
line-126 [813 668 821 668]
line-127 [1355 707 1363 707]
line-128 [1338 668 1347 668]
line-129 [1574 640 1581 640]
line-130 [902 698 902 692]
line-131 [1080 669 1087 669]
line-132 [1582 639 1597 639]
line-133 [691 672 697 672]
line-134 [1429 668 1440 668]
line-135 [547 663 552 663]
line-136 [959 675 965 675]
line-137 [1837 622 1842 622]
line-138 [1412 648 1417 648]
line-139 [552 662 559 662]
line-140 [1043 666 1048 666]
line-141 [903 712 903 699]
line-142 [1672 640 1677 640]
