line-0 [1010 668 1022 668]
line-1 [913 670 920 670]
line-2 [844 677 851 677]
line-3 [544 666 565 666]
line-4 [669 667 679 667]
line-5 [680 668 690 668]
line-6 [1055 667 1074 667]
line-7 [1315 663 1342 663]
line-8 [1517 641 1530 641]
line-9 [898 669 904 669]
line-10 [1859 624 1870 624]
line-11 [1411 654 1426 654]
line-12 [711 667 718 667]
line-13 [1113 668 1122 668]
line-14 [636 667 645 667]
line-15 [1855 629 1872 629]
line-16 [933 676 939 676]
line-17 [519 660 528 660]
line-18 [940 671 961 671]
line-19 [879 677 888 677]
line-20 [1845 627 1851 627]
line-21 [903 778 903 743]
line-22 [1556 641 1563 641]
line-23 [1233 665 1242 665]
line-24 [833 669 846 669]
line-25 [1495 654 1510 654]
line-26 [837 676 843 676]
line-27 [733 668 740 668]
line-28 [1329 670 1336 670]
line-29 [1346 662 1373 662]
line-30 [478 668 495 668]
line-31 [1590 639 1598 639]
line-32 [1302 664 1311 664]
line-33 [1686 640 1693 640]
line-34 [1662 637 1667 637]
line-35 [1549 642 1555 642]
line-36 [496 669 518 669]
line-37 [618 663 624 663]
line-38 [642 669 647 669]
line-39 [880 671 887 671]
line-40 [1277 661 1282 661]
line-41 [928 677 933 677]
line-42 [1695 636 1701 636]
line-43 [652 666 669 666]
line-44 [1185 675 1192 675]
line-45 [556 668 565 668]
line-46 [1480 645 1489 645]
line-47 [1751 636 1757 636]
line-48 [593 664 602 664]
line-49 [1175 666 1182 666]
line-50 [977 676 991 676]
line-51 [1427 654 1441 654]
line-52 [485 718 503 741]
line-53 [1717 634 1722 634]
line-54 [1080 669 1087 669]
line-55 [900 697 900 692]
line-56 [1398 669 1404 669]
line-57 [700 675 706 675]
line-58 [539 671 552 671]
line-59 [822 670 833 670]
line-60 [1776 627 1782 627]
line-61 [1710 643 1715 643]
line-62 [1535 638 1542 638]
line-63 [1678 647 1692 647]
line-64 [633 671 647 671]
line-65 [548 663 553 663]
line-66 [825 674 835 674]
line-67 [1356 665 1363 665]
line-68 [521 670 538 670]
line-69 [1727 634 1732 634]
line-70 [1475 648 1484 648]
line-71 [867 677 878 677]
line-72 [1599 638 1608 638]
line-73 [719 668 729 668]
line-74 [1413 648 1420 648]
line-75 [945 677 953 677]
line-76 [532 660 538 660]
line-77 [1621 624 1630 624]
line-78 [553 662 559 662]
line-79 [896 748 896 742]
line-80 [1905 629 1912 629]
line-81 [1406 669 1411 669]
line-82 [1677 659 1682 659]
line-83 [702 668 711 668]
line-84 [460 667 477 667]
line-85 [602 665 608 665]
line-86 [1543 637 1552 637]
line-87 [1243 663 1250 663]
line-88 [969 790 978 791]
line-89 [336 519 351 540]
line-90 [1647 637 1660 637]
line-91 [1493 652 1506 652]
line-92 [1336 668 1348 668]
line-93 [1364 664 1369 664]
line-94 [505 660 513 660]
line-95 [1104 668 1110 668]
line-96 [1385 661 1392 661]
line-97 [1026 668 1032 668]
line-98 [1565 638 1573 638]
line-99 [578 663 587 663]
line-100 [1427 647 1432 647]
line-101 [815 668 821 668]
line-102 [634 669 641 669]
line-103 [1574 640 1582 640]
line-104 [868 671 876 671]
line-105 [1793 631 1798 630]
line-106 [1631 625 1642 625]
line-107 [895 757 896 749]
line-108 [903 710 903 728]
line-109 [541 662 547 662]
line-110 [626 665 635 666]
line-111 [1338 670 1354 670]
line-112 [1451 651 1456 651]
line-113 [1517 636 1523 636]
line-114 [1695 644 1702 644]
line-115 [803 666 812 666]
line-116 [1165 666 1172 666]
line-117 [1264 663 1269 663]
line-118 [1485 647 1490 647]
line-119 [892 778 893 768]
line-120 [912 781 917 781]
line-121 [959 675 965 675]
line-122 [560 663 565 663]
line-123 [1412 668 1419 668]
line-124 [755 668 761 668]
line-125 [938 785 943 785]
line-126 [624 668 633 668]
line-127 [1762 630 1767 630]
line-128 [1420 669 1430 669]
line-129 [1529 664 1535 664]
line-130 [1703 644 1709 644]
line-131 [611 665 616 665]
line-132 [944 786 955 787]
line-133 [1583 639 1589 639]
