line-0 [1411 668 1419 668]
line-1 [1054 667 1074 667]
line-2 [1189 665 1194 665]
line-3 [681 668 688 668]
line-4 [1043 666 1048 666]
line-5 [1643 637 1661 637]
line-6 [852 669 863 669]
line-7 [517 670 537 670]
line-8 [1555 660 1564 660]
line-9 [602 665 608 665]
line-10 [827 670 832 670]
line-11 [913 670 920 670]
line-12 [1336 668 1348 668]
line-13 [1080 669 1087 669]
line-14 [1113 668 1122 668]
line-15 [1312 663 1343 663]
line-16 [1439 646 1450 646]
line-17 [481 710 503 738]
line-18 [654 666 669 666]
line-19 [635 673 644 673]
line-20 [1476 648 1484 648]
line-21 [1681 645 1709 644]
line-22 [1500 652 1508 652]
line-23 [1264 663 1269 663]
line-24 [593 664 602 664]
line-25 [601 673 622 673]
line-26 [1686 640 1692 640]
line-27 [944 677 953 677]
line-28 [1345 662 1372 662]
line-29 [1812 630 1817 630]
line-30 [711 667 718 667]
line-31 [994 669 1004 669]
line-32 [955 675 965 675]
line-33 [903 722 903 700]
line-34 [518 672 534 672]
line-35 [635 671 646 671]
line-36 [1418 654 1432 654]
line-37 [725 677 730 677]
line-38 [476 668 494 668]
line-39 [624 668 633 668]
line-40 [520 660 528 660]
line-41 [1535 638 1542 638]
line-42 [699 675 708 674]
line-43 [465 659 470 659]
line-44 [1282 662 1287 662]
line-45 [1546 661 1554 661]
line-46 [1026 668 1031 668]
line-47 [1783 626 1789 626]
line-48 [645 674 651 674]
line-49 [896 669 902 669]
line-50 [538 671 550 671]
line-51 [1904 629 1911 629]
line-52 [637 667 645 667]
line-53 [866 677 887 677]
line-54 [1495 654 1510 654]
line-55 [803 666 812 666]
line-56 [1716 634 1721 634]
line-57 [1134 668 1141 668]
line-58 [628 666 635 666]
line-59 [1761 630 1766 630]
line-60 [719 668 729 668]
line-61 [506 660 512 660]
line-62 [1493 644 1499 644]
line-63 [857 679 873 679]
line-64 [1515 636 1522 636]
line-65 [1860 624 1869 624]
line-66 [702 668 711 668]
line-67 [1231 665 1242 665]
line-68 [1681 647 1692 647]
line-69 [1574 640 1581 640]
line-70 [516 756 543 788]
line-71 [541 662 546 662]
line-72 [1517 641 1532 640]
line-73 [930 689 936 691]
line-74 [547 666 569 667]
line-75 [1301 664 1311 664]
line-76 [900 701 900 695]
line-77 [1845 627 1850 627]
line-78 [1751 636 1756 636]
line-79 [1503 635 1508 635]
line-80 [1425 647 1432 647]
line-81 [832 669 846 669]
line-82 [1349 665 1366 665]
line-83 [577 663 588 663]
line-84 [1599 638 1610 638]
line-85 [1176 675 1192 675]
line-86 [1223 662 1228 662]
line-87 [636 669 645 669]
line-88 [1175 666 1182 666]
line-89 [895 755 895 749]
line-90 [1565 638 1573 638]
line-91 [1818 629 1827 629]
line-92 [1493 652 1499 652]
line-93 [921 685 927 687]
line-94 [552 662 560 662]
line-95 [1863 629 1873 629]
line-96 [1103 668 1110 668]
line-97 [1010 668 1022 668]
line-98 [1338 670 1349 670]
line-99 [940 671 953 671]
line-100 [1620 624 1632 624]
line-101 [532 660 538 660]
line-102 [903 778 903 766]
line-103 [1478 645 1488 645]
line-104 [824 674 834 674]
line-105 [669 667 680 667]
line-106 [708 676 714 676]
line-107 [1854 629 1862 629]
line-108 [1881 630 1887 630]
line-109 [1154 676 1159 676]
line-110 [471 657 477 657]
line-111 [1094 803 1122 803]
line-112 [1633 625 1639 625]
line-113 [893 771 893 765]
line-114 [1243 663 1249 663]
line-115 [1582 639 1597 639]
line-116 [749 669 754 669]
line-117 [1570 658 1575 658]
line-118 [899 712 899 702]
line-119 [731 677 740 677]
line-120 [1154 678 1159 678]
line-121 [1164 666 1172 666]
line-122 [495 669 516 669]
line-123 [1413 648 1418 648]
line-124 [1329 670 1335 670]
line-125 [1726 634 1731 634]
line-126 [754 668 761 668]
line-127 [1669 641 1676 640]
line-128 [937 691 954 699]
line-129 [622 670 627 670]
line-130 [692 672 697 672]
line-131 [543 789 549 796]
line-132 [902 697 902 692]
line-133 [903 758 903 740]
line-134 [904 668 911 668]
line-135 [733 668 738 668]
line-136 [1420 669 1429 669]
line-137 [1091 669 1096 669]
line-138 [1401 669 1410 669]
line-139 [1445 653 1451 653]
line-140 [467 667 475 667]
line-141 [547 663 552 663]
line-142 [933 670 939 670]
line-143 [1871 627 1877 627]
line-144 [629 674 634 674]
line-145 [1406 655 1413 654]
line-146 [715 677 723 677]
line-147 [543 668 550 668]
line-148 [1529 664 1534 664]
line-149 [812 668 821 668]
line-150 [906 779 915 780]
line-151 [856 677 864 677]
line-152 [1676 659 1682 659]
line-153 [514 661 519 661]
