line-0 [1104 668 1110 668]
line-1 [1314 663 1343 662]
line-2 [719 668 729 668]
line-3 [1582 639 1597 639]
line-4 [495 669 516 669]
line-5 [517 670 538 670]
line-6 [1176 675 1192 675]
line-7 [1175 666 1182 666]
line-8 [1895 628 1900 628]
line-9 [669 667 679 667]
line-10 [633 669 647 669]
line-11 [876 677 888 677]
line-12 [1350 665 1365 665]
line-13 [1858 624 1870 624]
line-14 [1346 662 1372 662]
line-15 [1676 647 1689 647]
line-16 [930 671 954 671]
line-17 [680 668 689 668]
line-18 [1694 636 1700 636]
line-19 [727 677 740 677]
line-20 [1164 666 1171 666]
line-21 [1450 646 1456 646]
line-22 [593 664 602 664]
line-23 [1854 629 1875 629]
line-24 [1644 637 1662 637]
line-25 [637 667 645 667]
line-26 [754 668 761 668]
line-27 [1520 641 1529 641]
line-28 [903 777 903 730]
line-29 [1133 668 1141 668]
line-30 [692 672 697 672]
line-31 [1413 648 1419 648]
line-32 [1871 627 1877 627]
line-33 [749 676 763 676]
line-34 [1429 654 1444 654]
line-35 [1818 629 1827 629]
line-36 [477 668 494 668]
line-37 [495 658 502 658]
line-38 [1574 640 1581 640]
line-39 [1837 622 1842 622]
line-40 [539 671 552 671]
line-41 [1243 663 1250 663]
line-42 [1054 667 1075 667]
line-43 [999 669 1004 669]
line-44 [867 679 875 679]
line-45 [541 662 546 662]
line-46 [1231 665 1241 665]
line-47 [1394 657 1399 657]
line-48 [547 663 552 663]
line-49 [1202 663 1207 663]
line-50 [1879 630 1887 630]
line-51 [553 662 559 662]
line-52 [1565 638 1573 638]
line-53 [1717 634 1722 634]
line-54 [699 675 707 675]
line-55 [895 754 895 749]
line-56 [577 663 587 663]
line-57 [1080 669 1087 669]
line-58 [898 723 898 716]
line-59 [532 660 538 660]
line-60 [479 709 483 714]
line-61 [543 666 564 666]
line-62 [1528 664 1535 664]
line-63 [676 673 682 673]
line-64 [1751 636 1756 636]
line-65 [1619 624 1633 624]
line-66 [1544 637 1554 636]
line-67 [485 716 505 741]
line-68 [1682 645 1692 645]
line-69 [1338 670 1355 670]
line-70 [904 668 911 668]
line-71 [1445 653 1451 653]
line-72 [1091 669 1096 669]
line-73 [1010 668 1021 668]
line-74 [1694 644 1708 644]
line-75 [624 668 632 668]
line-76 [1339 668 1348 668]
line-77 [520 660 528 660]
line-78 [900 697 900 691]
line-79 [1904 629 1911 629]
line-80 [1478 645 1486 645]
line-81 [1811 630 1817 630]
line-82 [1515 636 1522 636]
line-83 [779 668 784 668]
line-84 [1600 638 1610 638]
line-85 [960 675 965 675]
line-86 [1783 626 1789 626]
line-87 [1043 666 1048 666]
line-88 [1277 661 1282 661]
line-89 [637 671 646 671]
line-90 [1403 655 1410 655]
line-91 [892 777 892 772]
line-92 [1264 663 1269 663]
line-93 [1845 627 1850 627]
line-94 [897 669 903 669]
line-95 [505 660 510 660]
line-96 [1411 654 1421 654]
line-97 [711 667 718 667]
line-98 [1302 664 1313 664]
line-99 [1439 646 1445 646]
line-100 [1504 635 1509 635]
line-101 [1287 661 1292 661]
line-102 [893 771 893 763]
line-103 [718 674 723 674]
line-104 [652 666 663 666]
line-105 [913 670 920 670]
line-106 [520 672 538 672]
line-107 [602 665 608 665]
line-108 [945 677 954 677]
line-109 [1432 647 1438 647]
line-110 [1383 782 1392 783]
line-111 [1728 634 1734 634]
line-112 [1113 668 1122 668]
line-113 [514 661 519 661]
line-114 [1329 670 1335 670]
line-115 [932 296 941 297]
line-116 [1761 630 1766 630]
line-117 [467 667 476 667]
line-118 [618 663 624 663]
line-119 [1426 647 1431 647]
line-120 [897 740 897 733]
line-121 [622 670 628 670]
line-122 [629 666 636 666]
line-123 [709 672 714 672]
line-124 [1636 625 1641 625]
line-125 [867 677 875 677]
line-126 [774 669 779 669]
line-127 [903 710 903 721]
line-128 [903 703 903 709]
