line-0 [1021 668 1028 668]
line-1 [715 667 723 667]
line-2 [1569 658 1574 658]
line-3 [754 668 761 668]
line-4 [1346 662 1372 662]
line-5 [1055 667 1074 667]
line-6 [1287 661 1294 661]
line-7 [481 668 500 668]
line-8 [1075 668 1081 668]
line-9 [1090 669 1095 669]
line-10 [625 668 637 668]
line-11 [1300 663 1336 663]
line-12 [544 666 566 666]
line-13 [628 666 636 666]
line-14 [1169 666 1181 666]
line-15 [532 663 538 663]
line-16 [724 668 729 668]
line-17 [1542 637 1550 637]
line-18 [1339 670 1350 670]
line-19 [934 675 942 675]
line-20 [470 657 477 657]
line-21 [1385 660 1397 660]
line-22 [812 668 821 668]
line-23 [1357 665 1368 665]
line-24 [1007 667 1013 667]
line-25 [1116 668 1129 668]
line-26 [1273 661 1283 661]
line-27 [1484 647 1489 647]
line-28 [661 665 666 665]
line-29 [540 671 558 671]
line-30 [1082 669 1088 669]
line-31 [669 667 681 667]
line-32 [1410 668 1437 668]
line-33 [1850 627 1858 627]
line-34 [1257 664 1263 664]
line-35 [704 676 722 676]
line-36 [1620 624 1638 624]
line-37 [1443 653 1452 653]
line-38 [501 669 523 669]
line-39 [903 735 903 696]
line-40 [801 666 812 666]
line-41 [1815 629 1823 629]
line-42 [765 667 772 667]
line-43 [1479 645 1488 645]
line-44 [521 660 539 660]
line-45 [1864 629 1876 629]
line-46 [882 677 888 677]
line-47 [893 778 893 772]
line-48 [726 677 732 677]
line-49 [866 671 877 671]
line-50 [1337 662 1344 662]
line-51 [1494 654 1506 654]
line-52 [1695 636 1701 636]
line-53 [1245 662 1253 662]
line-54 [913 670 919 670]
line-55 [624 670 633 670]
line-56 [1652 636 1659 636]
line-57 [1567 638 1575 638]
line-58 [827 674 835 674]
line-59 [866 676 872 676]
line-60 [832 669 846 669]
line-61 [581 663 586 663]
line-62 [1520 641 1528 641]
line-63 [903 668 912 668]
line-64 [634 673 646 673]
line-65 [644 666 660 666]
line-66 [1708 631 1714 631]
line-67 [1030 668 1035 668]
line-68 [1477 648 1483 648]
line-69 [942 671 952 671]
line-70 [638 669 648 669]
line-71 [1223 662 1229 662]
line-72 [466 667 480 667]
line-73 [896 751 896 746]
line-74 [1592 638 1610 638]
line-75 [701 667 707 667]
line-76 [953 670 965 670]
line-77 [913 673 918 673]
line-78 [999 668 1006 668]
line-79 [593 664 603 664]
line-80 [1554 635 1559 635]
line-81 [364 567 378 585]
line-82 [1554 641 1564 641]
line-83 [1428 654 1442 654]
line-84 [1519 636 1526 636]
line-85 [1689 639 1694 639]
line-86 [856 679 868 679]
line-87 [1505 651 1510 651]
line-88 [474 714 499 744]
line-89 [955 675 963 675]
line-90 [1660 636 1668 636]
line-91 [1687 644 1694 644]
line-92 [733 668 740 668]
line-93 [634 671 647 671]
line-94 [1715 634 1724 634]
line-95 [1191 665 1196 665]
line-96 [1696 644 1701 644]
line-97 [1679 647 1686 647]
line-98 [1338 668 1346 668]
line-99 [1555 660 1564 659]
line-100 [1585 638 1591 638]
line-101 [903 758 903 764]
line-102 [1142 667 1149 667]
line-103 [1702 643 1717 643]
line-104 [822 670 832 670]
line-105 [898 729 898 720]
line-106 [1404 655 1410 655]
line-107 [1193 676 1200 676]
line-108 [1646 637 1651 637]
line-109 [879 671 889 671]
line-110 [675 673 680 673]
line-111 [1549 660 1554 660]
line-112 [1501 649 1511 649]
line-113 [697 674 702 674]
line-114 [1882 630 1887 630]
line-115 [1687 646 1698 646]
line-116 [1762 630 1767 630]
line-117 [1785 626 1791 626]
line-118 [1860 624 1865 624]
line-119 [552 662 560 662]
line-120 [930 671 941 670]
line-121 [1497 652 1504 652]
line-122 [904 777 904 784]
line-123 [895 757 895 752]
line-124 [1914 630 1919 630]
line-125 [1232 665 1240 665]
line-126 [525 672 539 672]
line-127 [851 669 861 669]
line-128 [540 661 545 661]
line-129 [903 776 903 766]
line-130 [779 668 787 668]
line-131 [1134 668 1141 668]
line-132 [1414 789 1420 789]
line-133 [899 714 900 696]
line-134 [1186 675 1192 675]
line-135 [1679 658 1684 658]
line-136 [791 668 799 668]
line-137 [524 670 533 670]
line-138 [746 668 751 668]
