line-0 [765 667 773 667]
line-1 [746 668 751 668]
line-2 [813 668 821 668]
line-3 [851 669 861 669]
line-4 [1300 663 1341 663]
line-5 [1445 653 1452 653]
line-6 [482 668 502 668]
line-7 [1865 629 1880 629]
line-8 [1021 668 1032 668]
line-9 [573 672 600 672]
line-10 [1709 643 1717 643]
line-11 [540 671 553 671]
line-12 [1495 654 1512 654]
line-13 [618 663 624 663]
line-14 [552 662 563 662]
line-15 [832 669 846 669]
line-16 [946 677 954 677]
line-17 [716 667 722 667]
line-18 [1418 647 1427 647]
line-19 [1055 667 1075 667]
line-20 [705 676 726 676]
line-21 [546 666 565 666]
line-22 [782 676 805 676]
line-23 [604 673 629 673]
line-24 [503 669 523 669]
line-25 [1551 660 1562 660]
line-26 [954 670 965 670]
line-27 [779 668 788 668]
line-28 [1536 638 1548 637]
line-29 [593 664 602 664]
line-30 [1001 668 1006 668]
line-31 [1114 668 1123 668]
line-32 [1849 627 1857 627]
line-33 [644 666 666 665]
line-34 [903 736 903 688]
line-35 [1794 640 1803 640]
line-36 [1273 661 1283 661]
line-37 [1133 668 1141 668]
line-38 [942 671 953 671]
line-39 [733 668 740 668]
line-40 [1420 654 1444 654]
line-41 [1773 628 1784 627]
line-42 [1081 669 1088 669]
line-43 [1245 662 1253 662]
line-44 [1708 631 1713 631]
line-45 [1874 627 1880 627]
line-46 [1817 629 1830 629]
line-47 [955 675 963 675]
line-48 [1330 670 1354 670]
line-49 [1517 636 1525 636]
line-50 [896 752 896 746]
line-51 [485 725 501 745]
line-52 [1165 666 1172 666]
line-53 [691 672 697 672]
line-54 [634 673 646 673]
line-55 [1476 648 1483 648]
line-56 [1715 634 1724 634]
line-57 [1007 667 1012 667]
line-58 [1191 665 1196 665]
line-59 [1570 658 1575 658]
line-60 [1772 641 1786 641]
line-61 [633 671 647 671]
line-62 [1690 644 1708 644]
line-63 [1498 652 1505 652]
line-64 [754 668 761 668]
line-65 [701 667 707 667]
line-66 [669 667 681 667]
line-67 [868 671 876 671]
line-68 [1287 661 1294 661]
line-69 [1597 638 1609 638]
line-70 [1658 636 1667 636]
line-71 [1577 658 1582 658]
line-72 [1346 662 1373 662]
line-73 [897 745 897 738]
line-74 [1506 651 1511 651]
line-75 [1232 665 1241 665]
line-76 [639 669 648 669]
line-77 [624 668 638 668]
line-78 [1175 666 1182 666]
line-79 [1576 640 1582 640]
line-80 [903 761 903 775]
line-81 [466 667 481 667]
line-82 [898 729 898 721]
line-83 [1504 635 1509 635]
line-84 [629 666 636 666]
line-85 [825 674 835 674]
line-86 [1860 624 1866 624]
line-87 [861 675 866 675]
line-88 [903 668 911 668]
line-89 [1336 668 1348 668]
line-90 [457 655 462 655]
line-91 [1530 664 1536 664]
line-92 [1856 629 1864 629]
line-93 [1762 630 1768 630]
line-94 [331 516 341 531]
line-95 [1567 638 1575 638]
line-96 [1523 665 1529 665]
line-97 [1456 645 1462 645]
line-98 [1691 646 1697 646]
line-99 [822 670 832 670]
line-100 [1804 639 1818 639]
line-101 [1213 665 1220 665]
line-102 [1409 668 1421 668]
line-103 [587 662 592 662]
line-104 [1882 630 1887 630]
line-105 [1484 647 1490 647]
line-106 [900 703 900 695]
line-107 [1784 626 1791 626]
line-108 [1519 641 1530 641]
line-109 [1646 637 1652 637]
line-110 [1257 664 1263 664]
line-111 [1752 636 1757 636]
line-112 [933 670 941 670]
line-113 [1621 624 1636 624]
line-114 [1906 629 1914 629]
line-115 [1554 641 1563 641]
line-116 [769 676 781 676]
line-117 [1677 647 1689 647]
line-118 [525 672 539 672]
line-119 [1090 669 1095 669]
line-120 [1637 625 1643 625]
line-121 [524 670 539 670]
line-122 [894 765 894 760]
line-123 [674 675 679 675]
line-124 [1530 640 1535 640]
line-125 [1695 636 1701 636]
line-126 [1770 647 1780 647]
line-127 [1914 630 1919 630]
line-128 [1351 668 1356 668]
line-129 [685 668 690 668]
line-130 [895 758 895 753]
line-131 [622 670 627 670]
line-132 [343 536 354 547]
line-133 [1411 788 1420 788]
line-134 [727 677 736 677]
line-135 [1142 667 1148 667]
line-136 [1897 628 1902 628]
line-137 [1404 655 1410 655]
line-138 [1428 647 1433 647]
line-139 [904 753 904 740]
line-140 [1414 790 1419 790]
line-141 [800 667 812 666]
