line-0 [1133 668 1141 668]
line-1 [768 676 796 676]
line-2 [669 667 680 667]
line-3 [1338 662 1344 662]
line-4 [1338 668 1346 668]
line-5 [754 668 761 668]
line-6 [1881 630 1886 630]
line-7 [1051 667 1075 667]
line-8 [552 662 561 662]
line-9 [931 670 941 670]
line-10 [1575 640 1581 640]
line-11 [1348 708 1358 708]
line-12 [532 663 537 663]
line-13 [503 669 521 669]
line-14 [1484 647 1492 646]
line-15 [1715 634 1723 634]
line-16 [979 676 988 676]
line-17 [1104 668 1109 668]
line-18 [1413 653 1420 653]
line-19 [1245 662 1253 662]
line-20 [723 668 729 668]
line-21 [634 671 647 671]
line-22 [1771 641 1785 641]
line-23 [954 670 965 670]
line-24 [1856 629 1879 629]
line-25 [716 667 722 667]
line-26 [1346 662 1372 662]
line-27 [1677 647 1687 647]
line-28 [545 666 567 666]
line-29 [743 675 753 675]
line-30 [1516 636 1524 636]
line-31 [1536 638 1541 638]
line-32 [1300 663 1337 663]
line-33 [1476 645 1488 645]
line-34 [1859 624 1866 624]
line-35 [1761 630 1767 630]
line-36 [1520 641 1530 641]
line-37 [633 673 646 673]
line-38 [624 668 638 668]
line-39 [903 735 903 697]
line-40 [574 672 591 672]
line-41 [673 675 680 675]
line-42 [1542 637 1551 637]
line-43 [801 666 811 666]
line-44 [1287 661 1293 661]
line-45 [587 662 592 662]
line-46 [811 774 825 774]
line-47 [1257 664 1263 664]
line-48 [507 660 515 660]
line-49 [1213 665 1220 665]
line-50 [522 670 540 670]
line-51 [955 675 965 675]
line-52 [629 666 637 666]
line-53 [779 668 784 668]
line-54 [999 668 1006 668]
line-55 [865 778 870 778]
line-56 [1186 664 1191 664]
line-57 [1477 648 1483 648]
line-58 [466 667 480 667]
line-59 [895 757 895 752]
line-60 [1730 634 1735 634]
line-61 [1007 667 1012 667]
line-62 [593 664 602 664]
line-63 [1769 647 1780 647]
line-64 [681 668 689 668]
line-65 [644 666 661 666]
line-66 [912 673 918 673]
line-67 [1330 670 1336 670]
line-68 [899 718 900 692]
line-69 [1620 624 1631 624]
line-70 [1021 668 1032 668]
line-71 [903 779 903 761]
line-72 [1803 639 1818 639]
line-73 [1874 627 1879 627]
line-74 [1418 647 1424 647]
line-75 [1689 639 1694 639]
line-76 [1597 638 1610 638]
line-77 [1157 666 1162 666]
line-78 [797 676 806 676]
line-79 [871 779 877 779]
line-80 [1913 630 1919 630]
line-81 [1783 626 1791 626]
line-82 [1551 660 1562 660]
line-83 [1688 644 1702 644]
line-84 [1503 635 1510 635]
line-85 [1232 665 1240 665]
line-86 [1501 649 1513 649]
line-87 [1081 669 1088 669]
line-88 [1114 668 1123 668]
line-89 [639 669 648 669]
line-90 [1707 631 1713 631]
line-91 [1426 654 1452 653]
line-92 [913 670 919 670]
line-93 [519 660 538 660]
line-94 [766 667 773 667]
line-95 [1657 636 1667 636]
line-96 [1637 625 1643 625]
line-97 [479 716 496 736]
line-98 [706 676 715 676]
line-99 [1695 636 1700 636]
line-100 [1272 661 1283 661]
line-101 [1703 643 1717 643]
line-102 [1678 645 1687 645]
line-103 [745 668 750 668]
line-104 [1438 646 1451 646]
line-105 [1815 629 1830 629]
line-106 [493 668 502 668]
line-107 [733 668 740 668]
line-108 [1142 667 1148 667]
line-109 [791 668 796 668]
line-110 [1013 318 1025 322]
line-111 [1175 666 1182 666]
line-112 [541 671 553 671]
line-113 [892 781 892 776]
line-114 [1896 628 1901 628]
line-115 [906 668 911 668]
line-116 [1294 662 1299 662]
line-117 [906 784 911 784]
line-118 [697 674 702 674]
line-119 [1553 641 1563 641]
line-120 [1401 788 1408 788]
line-121 [836 775 842 775]
line-122 [1569 658 1575 658]
line-123 [1223 662 1228 662]
line-124 [946 677 953 677]
line-125 [618 663 624 663]
line-126 [1567 638 1574 638]
line-127 [602 665 607 665]
line-128 [1786 640 1802 640]
line-129 [893 775 893 767]
line-130 [577 663 586 663]
line-131 [1689 646 1698 646]
line-132 [595 672 600 672]
line-133 [1387 786 1399 786]
line-134 [623 670 633 670]
line-135 [1090 669 1095 669]
line-136 [1341 739 1361 739]
line-137 [912 784 917 785]
line-138 [1645 637 1651 637]
line-139 [1185 675 1192 675]
line-140 [903 757 903 752]
line-141 [1839 622 1844 622]
