line-0 [1299 663 1339 663]
line-1 [1412 668 1420 668]
line-2 [792 668 797 668]
line-3 [542 665 549 665]
line-4 [644 666 661 666]
line-5 [1693 646 1699 646]
line-6 [1551 660 1562 660]
line-7 [1337 668 1347 668]
line-8 [913 673 918 673]
line-9 [466 667 480 667]
line-10 [1875 627 1880 627]
line-11 [541 671 556 671]
line-12 [833 669 846 669]
line-13 [1656 636 1668 636]
line-14 [1175 666 1182 666]
line-15 [1007 667 1013 667]
line-16 [611 664 618 664]
line-17 [1882 630 1888 630]
line-18 [1340 662 1345 662]
line-19 [945 677 953 677]
line-20 [1806 630 1815 630]
line-21 [1860 624 1867 624]
line-22 [953 670 965 670]
line-23 [1438 646 1454 646]
line-24 [1543 637 1551 637]
line-25 [746 668 751 668]
line-26 [1418 654 1445 654]
line-27 [1762 630 1768 630]
line-28 [1055 667 1076 667]
line-29 [579 672 593 672]
line-30 [1839 622 1844 622]
line-31 [625 668 638 668]
line-32 [519 660 539 660]
line-33 [1477 648 1485 648]
line-34 [936 675 942 675]
line-35 [1165 666 1173 666]
line-36 [624 670 632 670]
line-37 [504 669 523 669]
line-38 [550 666 567 666]
line-39 [881 677 887 677]
line-40 [1857 629 1881 629]
line-41 [1202 663 1207 663]
line-42 [1554 639 1564 639]
line-43 [470 657 478 657]
line-44 [1708 631 1713 631]
line-45 [1347 662 1373 662]
line-46 [828 674 836 674]
line-47 [1133 668 1141 668]
line-48 [754 668 761 668]
line-49 [903 716 903 687]
line-50 [723 668 728 668]
line-51 [904 760 904 750]
line-52 [524 670 540 670]
line-53 [913 670 919 670]
line-54 [1576 640 1582 640]
line-55 [642 669 648 669]
line-56 [822 670 833 670]
line-57 [1418 647 1425 647]
line-58 [801 666 810 666]
line-59 [532 663 537 663]
line-60 [1678 647 1690 647]
line-61 [718 676 725 676]
line-62 [552 662 563 662]
line-63 [1715 634 1724 634]
line-64 [779 668 788 668]
line-65 [857 677 866 677]
line-66 [1105 668 1110 668]
line-67 [1330 670 1341 670]
line-68 [1709 643 1718 643]
line-69 [1276 661 1283 661]
line-70 [895 761 896 747]
line-71 [1186 664 1191 664]
line-72 [1350 665 1368 665]
line-73 [903 719 903 730]
line-74 [1090 669 1095 669]
line-75 [593 664 603 664]
line-76 [1176 675 1193 675]
line-77 [1818 629 1826 629]
line-78 [897 669 902 669]
line-79 [868 671 876 671]
line-80 [633 671 647 671]
line-81 [1517 636 1525 636]
line-82 [1081 669 1087 669]
line-83 [1637 625 1644 625]
line-84 [479 718 498 743]
line-85 [851 676 856 676]
line-86 [1480 645 1489 645]
line-87 [1587 657 1592 657]
line-88 [719 674 724 674]
line-89 [669 667 680 667]
line-90 [1598 638 1606 638]
line-91 [1288 661 1294 661]
line-92 [1232 665 1240 665]
line-93 [1621 624 1632 624]
line-94 [1454 645 1462 645]
line-95 [633 673 646 673]
line-96 [1784 626 1791 626]
line-97 [1696 636 1701 636]
line-98 [525 672 540 672]
line-99 [702 667 707 667]
line-100 [898 729 898 723]
line-101 [1571 658 1582 658]
line-102 [1194 676 1201 676]
line-103 [1519 641 1531 641]
line-104 [1674 640 1679 640]
line-105 [1082 675 1089 675]
line-106 [1021 668 1032 668]
line-107 [1567 638 1575 638]
line-108 [960 675 965 675]
line-109 [930 670 942 670]
line-110 [1114 668 1124 668]
line-111 [1537 638 1542 638]
line-112 [903 775 903 761]
line-113 [1257 664 1263 664]
line-114 [468 669 479 669]
line-115 [329 516 340 531]
line-116 [729 667 734 667]
line-117 [1777 627 1784 627]
line-118 [1646 637 1655 637]
line-119 [509 660 515 660]
line-120 [1000 668 1006 668]
line-121 [1914 630 1919 630]
line-122 [900 704 900 695]
line-123 [1344 670 1354 670]
line-124 [1447 653 1457 653]
line-125 [340 533 348 543]
line-126 [1692 644 1704 644]
line-127 [541 667 548 667]
line-128 [852 669 861 669]
line-129 [879 671 887 671]
line-130 [899 721 899 713]
line-131 [813 668 821 668]
line-132 [457 655 462 655]
line-133 [733 677 739 677]
line-134 [893 776 893 769]
line-135 [838 676 846 676]
line-136 [1406 790 1419 790]
line-137 [1681 645 1691 645]
line-138 [449 666 462 666]
line-139 [766 667 773 667]
line-140 [629 666 637 666]
line-141 [872 677 877 677]
line-142 [904 749 904 736]
line-143 [581 663 586 663]
line-144 [717 667 722 667]
line-145 [903 668 911 668]
line-146 [1224 662 1229 662]
line-147 [884 784 891 784]
line-148 [1690 639 1695 639]
line-149 [562 796 567 796]
