line-0 [1055 667 1075 667]
line-1 [956 675 965 675]
line-2 [1021 668 1028 668]
line-3 [822 670 832 670]
line-4 [779 668 788 668]
line-5 [1081 669 1088 669]
line-6 [1823 629 1832 629]
line-7 [999 668 1006 668]
line-8 [1166 666 1173 666]
line-9 [624 668 637 668]
line-10 [531 660 539 660]
line-11 [518 660 529 660]
line-12 [1646 637 1652 637]
line-13 [1851 627 1857 627]
line-14 [1300 663 1339 663]
line-15 [1540 637 1547 637]
line-16 [1690 646 1698 646]
line-17 [593 664 603 664]
line-18 [1258 664 1263 664]
line-19 [724 668 729 668]
line-20 [1551 660 1562 660]
line-21 [638 669 648 669]
line-22 [1347 662 1373 662]
line-23 [851 669 861 669]
line-24 [628 666 637 666]
line-25 [524 670 554 671]
line-26 [1691 644 1700 644]
line-27 [734 668 740 668]
line-28 [1716 634 1725 634]
line-29 [1857 629 1880 629]
line-30 [1405 655 1410 655]
line-31 [1897 628 1902 628]
line-32 [1120 668 1128 668]
line-33 [466 667 481 667]
line-34 [1272 662 1283 661]
line-35 [1601 638 1610 638]
line-36 [1244 662 1254 662]
line-37 [1708 631 1714 631]
line-38 [751 676 757 676]
line-39 [1494 652 1501 652]
line-40 [504 669 523 669]
line-41 [577 663 586 663]
line-42 [1445 653 1451 653]
line-43 [1340 662 1345 662]
line-44 [1585 638 1596 638]
line-45 [552 662 562 662]
line-46 [1483 647 1489 647]
line-47 [1476 645 1489 645]
line-48 [1519 636 1526 636]
line-49 [1232 665 1241 665]
line-50 [1440 646 1452 646]
line-51 [954 670 965 670]
line-52 [471 657 477 657]
line-53 [1143 667 1148 667]
line-54 [633 673 647 673]
line-55 [1288 661 1294 661]
line-56 [335 525 343 535]
line-57 [1414 653 1421 653]
line-58 [476 715 480 720]
line-59 [1797 630 1802 630]
line-60 [549 666 565 666]
line-61 [813 668 821 668]
line-62 [832 669 846 669]
line-63 [1803 631 1812 630]
line-64 [1362 742 1370 742]
line-65 [1839 622 1844 622]
line-66 [587 662 592 662]
line-67 [493 736 501 746]
line-68 [846 670 851 670]
line-69 [743 675 750 675]
line-70 [1495 654 1508 654]
line-71 [862 781 884 783]
line-72 [669 667 680 667]
line-73 [1007 667 1012 667]
line-74 [1388 707 1399 707]
line-75 [1214 665 1219 665]
line-76 [1105 668 1110 668]
line-77 [1175 666 1182 666]
line-78 [1690 639 1695 639]
line-79 [1411 668 1432 668]
line-80 [1090 348 1118 365]
line-81 [1330 670 1350 670]
line-82 [644 666 661 666]
line-83 [1653 636 1668 636]
line-84 [828 674 835 674]
line-85 [541 667 547 667]
line-86 [715 667 723 667]
line-87 [1418 647 1425 647]
line-88 [1427 647 1433 647]
line-89 [1395 744 1412 744]
line-90 [1701 635 1706 634]
line-91 [1134 668 1142 668]
line-92 [1555 635 1560 635]
line-93 [1673 640 1679 640]
line-94 [1422 654 1442 654]
line-95 [1569 658 1575 658]
line-96 [1860 624 1866 624]
line-97 [542 665 548 665]
line-98 [746 668 751 668]
line-99 [1530 640 1535 640]
line-100 [457 655 462 655]
line-101 [1519 641 1530 641]
line-102 [1090 669 1095 669]
line-103 [624 670 633 670]
line-104 [1456 645 1462 645]
line-105 [829 778 841 778]
line-106 [1784 626 1792 626]
line-107 [762 667 772 667]
line-108 [791 668 797 668]
line-109 [634 671 645 671]
line-110 [1621 624 1631 624]
line-111 [1701 643 1716 643]
line-112 [508 660 515 660]
line-113 [1678 647 1688 647]
line-114 [478 717 491 733]
line-115 [1816 629 1822 629]
line-116 [1202 663 1209 663]
line-117 [449 666 461 666]
line-118 [1337 668 1347 668]
line-119 [525 672 539 672]
line-120 [485 659 491 659]
line-121 [1567 638 1572 638]
line-122 [754 668 761 668]
line-123 [1424 791 1435 791]
line-124 [347 541 355 550]
line-125 [885 784 891 784]
line-126 [1355 742 1361 742]
line-127 [611 664 618 664]
line-128 [1384 743 1394 743]
line-129 [1224 662 1229 662]
line-130 [802 666 812 666]
line-131 [1371 742 1382 743]
line-132 [673 675 678 675]
line-133 [1186 675 1193 675]
line-134 [1191 665 1196 665]
line-135 [1696 636 1701 636]
line-136 [1678 646 1685 645]
line-137 [482 668 503 668]
line-138 [718 674 723 674]
line-139 [729 667 734 667]
line-140 [853 780 861 780]
