line-0 [478 668 502 668]
line-1 [1165 666 1172 666]
line-2 [813 668 821 668]
line-3 [1564 659 1571 659]
line-4 [503 669 522 669]
line-5 [1049 667 1074 667]
line-6 [531 660 539 660]
line-7 [1114 668 1123 668]
line-8 [532 663 537 663]
line-9 [868 671 875 671]
line-10 [802 666 812 666]
line-11 [523 670 538 670]
line-12 [669 667 680 667]
line-13 [822 670 832 670]
line-14 [1503 649 1513 649]
line-15 [1425 654 1443 654]
line-16 [553 662 561 662]
line-17 [1299 663 1342 663]
line-18 [634 673 645 673]
line-19 [780 668 788 668]
line-20 [634 671 647 671]
line-21 [1519 641 1535 640]
line-22 [539 671 552 671]
line-23 [1518 636 1525 636]
line-24 [1358 665 1368 665]
line-25 [1537 638 1542 638]
line-26 [675 673 683 673]
line-27 [1021 668 1032 668]
line-28 [593 664 603 664]
line-29 [1597 638 1609 638]
line-30 [508 660 515 660]
line-31 [832 669 846 669]
line-32 [1274 661 1283 661]
line-33 [1104 668 1110 668]
line-34 [1505 635 1510 635]
line-35 [1477 648 1485 648]
line-36 [523 672 538 672]
line-37 [1367 741 1372 741]
line-38 [577 663 587 663]
line-39 [1857 629 1882 629]
line-40 [960 675 965 675]
line-41 [1709 631 1714 631]
line-42 [854 780 860 780]
line-43 [825 674 836 675]
line-44 [1861 624 1867 624]
line-45 [518 660 529 660]
line-46 [1662 636 1669 636]
line-47 [768 676 806 676]
line-48 [729 667 734 667]
line-49 [644 666 662 666]
line-50 [1002 668 1007 668]
line-51 [643 669 648 669]
line-52 [550 666 564 666]
line-53 [815 676 822 676]
line-54 [1763 630 1769 630]
line-55 [1552 660 1563 660]
line-56 [1716 634 1724 634]
line-57 [1882 630 1889 630]
line-58 [703 668 711 668]
line-59 [1340 670 1350 670]
line-60 [1347 662 1374 662]
line-61 [837 676 845 676]
line-62 [1422 669 1430 669]
line-63 [861 780 884 783]
line-64 [1257 664 1264 664]
line-65 [1419 647 1425 647]
line-66 [1243 663 1249 663]
line-67 [1481 645 1489 645]
line-68 [1786 626 1792 626]
line-69 [1820 629 1832 629]
line-70 [1175 666 1182 666]
line-71 [1778 627 1785 627]
line-72 [1412 668 1420 668]
line-73 [1646 637 1653 637]
line-74 [1906 629 1914 629]
line-75 [1567 638 1575 638]
line-76 [1543 637 1552 637]
line-77 [960 670 965 670]
line-78 [846 779 852 779]
line-79 [709 676 715 676]
line-80 [718 674 723 674]
line-81 [1679 647 1691 647]
line-82 [1875 627 1881 627]
line-83 [480 723 497 742]
line-84 [1753 636 1758 636]
line-85 [755 668 761 668]
line-86 [466 667 477 667]
line-87 [765 667 772 667]
line-88 [1112 359 1129 370]
line-89 [1674 640 1679 640]
line-90 [1626 624 1636 624]
line-91 [622 673 629 673]
line-92 [1639 625 1644 625]
line-93 [1186 675 1193 675]
line-94 [1576 640 1583 640]
line-95 [1446 653 1456 653]
line-96 [1557 639 1564 639]
line-97 [722 668 729 668]
line-98 [846 670 851 670]
line-99 [1356 741 1366 741]
line-100 [664 675 670 675]
line-101 [1578 658 1583 658]
line-102 [1384 742 1391 742]
line-103 [1337 668 1348 668]
line-104 [1232 665 1241 665]
line-105 [1133 668 1138 668]
line-106 [1392 743 1413 743]
line-107 [624 668 638 668]
line-108 [1080 669 1087 669]
line-109 [1696 636 1702 636]
line-110 [1330 670 1337 670]
line-111 [1418 654 1424 654]
line-112 [543 666 549 666]
line-113 [1710 643 1718 643]
line-114 [1686 645 1692 645]
line-115 [734 668 740 668]
line-116 [995 669 1001 669]
line-117 [1680 643 1685 643]
line-118 [1422 742 1440 742]
line-119 [632 666 637 666]
line-120 [774 669 779 669]
line-121 [1288 661 1294 661]
line-122 [1693 644 1704 644]
line-123 [1439 793 1444 793]
line-124 [1694 646 1699 646]
line-125 [1654 636 1661 636]
line-126 [1415 792 1429 792]
line-127 [618 663 624 663]
line-128 [555 668 563 668]
line-129 [673 675 679 675]
line-130 [900 786 906 786]
line-131 [1417 794 1427 794]
