line-0 [681 668 690 668]
line-1 [1398 669 1413 669]
line-2 [1347 662 1374 662]
line-3 [602 665 607 665]
line-4 [857 677 889 677]
line-5 [822 677 838 677]
line-6 [803 666 812 666]
line-7 [768 676 786 676]
line-8 [941 671 953 671]
line-9 [531 660 538 660]
line-10 [1104 668 1110 668]
line-11 [577 663 587 663]
line-12 [628 666 637 666]
line-13 [634 673 645 673]
line-14 [754 668 766 668]
line-15 [669 667 680 667]
line-16 [1317 663 1345 663]
line-17 [1688 640 1695 640]
line-18 [813 668 821 668]
line-19 [725 677 740 677]
line-20 [1820 629 1833 629]
line-21 [793 676 805 676]
line-22 [1447 653 1453 653]
line-23 [1165 666 1172 666]
line-24 [521 670 539 670]
line-25 [851 669 856 669]
line-26 [1577 640 1584 640]
line-27 [897 669 904 669]
line-28 [1458 645 1463 645]
line-29 [1055 667 1075 667]
line-30 [1545 637 1552 637]
line-31 [734 668 740 668]
line-32 [868 671 877 671]
line-33 [947 677 954 677]
line-34 [602 673 630 673]
line-35 [722 668 729 668]
line-36 [1091 669 1097 669]
line-37 [673 675 678 675]
line-38 [1265 663 1273 663]
line-39 [1517 636 1525 636]
line-40 [1849 627 1855 627]
line-41 [1675 640 1680 640]
line-42 [1362 665 1370 664]
line-43 [1785 626 1792 626]
line-44 [591 674 600 674]
line-45 [904 782 904 749]
line-46 [1567 638 1575 638]
line-47 [1660 636 1669 636]
line-48 [632 787 637 787]
line-49 [1622 624 1633 624]
line-50 [573 672 600 672]
line-51 [1872 629 1882 629]
line-52 [622 670 633 670]
line-53 [532 663 537 663]
line-54 [954 670 965 670]
line-55 [1427 654 1445 654]
line-56 [520 660 529 660]
line-57 [598 791 622 789]
line-58 [644 666 662 666]
line-59 [749 669 754 669]
line-60 [1532 664 1538 664]
line-61 [1600 638 1608 638]
line-62 [348 540 355 549]
line-63 [618 663 624 663]
line-64 [978 676 991 676]
line-65 [1480 645 1490 645]
line-66 [1277 661 1283 661]
line-67 [1300 663 1305 663]
line-68 [1697 636 1702 636]
line-69 [1184 675 1194 675]
line-70 [1764 630 1770 630]
line-71 [706 676 724 676]
line-72 [593 664 602 664]
line-73 [634 671 647 671]
line-74 [1477 648 1486 648]
line-75 [1710 631 1715 631]
line-76 [1244 663 1250 663]
line-77 [898 734 898 725]
line-78 [638 669 647 669]
line-79 [543 666 564 666]
line-80 [1716 634 1725 634]
line-81 [959 675 965 675]
line-82 [706 668 711 668]
line-83 [478 715 499 741]
line-84 [540 671 551 671]
line-85 [930 671 936 671]
line-86 [553 662 561 662]
line-87 [1289 661 1294 661]
line-88 [1352 665 1358 665]
line-89 [1176 666 1183 666]
line-90 [505 669 520 669]
line-91 [844 677 852 677]
line-92 [1679 647 1692 647]
line-93 [825 674 835 674]
line-94 [1884 630 1889 630]
line-95 [340 530 347 539]
line-96 [1588 657 1593 657]
line-97 [815 676 821 676]
line-98 [1027 668 1032 668]
line-99 [716 667 721 667]
line-100 [1425 647 1434 647]
line-101 [1537 638 1544 638]
line-102 [897 750 897 744]
line-103 [1338 666 1346 666]
line-104 [833 669 846 669]
line-105 [1520 641 1532 641]
line-106 [1697 644 1709 644]
line-107 [894 772 895 760]
line-108 [1753 636 1758 636]
line-109 [1341 668 1348 668]
line-110 [719 674 724 674]
line-111 [507 660 515 660]
line-112 [1117 668 1123 668]
line-113 [1862 624 1874 624]
line-114 [1858 629 1871 629]
line-115 [729 667 734 667]
line-116 [1307 663 1316 663]
line-117 [898 741 898 735]
line-118 [657 784 669 783]
line-119 [767 667 772 667]
line-120 [995 669 1004 669]
line-121 [904 729 904 736]
line-122 [572 794 590 792]
line-123 [1647 637 1657 637]
line-124 [1414 668 1421 668]
line-125 [542 662 547 662]
line-126 [903 696 903 705]
line-127 [1876 627 1882 627]
line-128 [1420 654 1426 654]
line-129 [774 669 779 669]
line-130 [1505 635 1511 635]
line-131 [1340 670 1357 670]
line-132 [1081 669 1087 669]
line-133 [1190 665 1195 665]
line-134 [1907 629 1915 629]
line-135 [624 668 637 668]
line-136 [903 728 903 723]
line-137 [1684 645 1692 645]
line-138 [900 710 900 702]
line-139 [915 670 920 670]
line-140 [1232 665 1243 665]
line-141 [1386 669 1393 669]
line-142 [1374 742 1380 742]
line-143 [879 671 887 671]
line-144 [822 670 833 670]
line-145 [1012 668 1018 668]
line-146 [331 515 340 529]
line-147 [905 668 910 668]
line-148 [1712 643 1719 643]
line-149 [1594 639 1599 639]
line-150 [672 782 677 782]
line-151 [559 793 571 794]
line-152 [1729 634 1734 634]
