line-0 [1348 662 1370 662]
line-1 [1027 668 1032 668]
line-2 [1244 663 1256 663]
line-3 [931 671 965 671]
line-4 [1899 629 1905 629]
line-5 [575 789 598 787]
line-6 [833 669 846 669]
line-7 [1478 646 1484 646]
line-8 [1017 668 1022 668]
line-9 [870 677 888 677]
line-10 [1156 678 1161 678]
line-11 [1718 635 1730 635]
line-12 [1818 630 1823 630]
line-13 [634 669 646 669]
line-14 [1846 627 1855 627]
line-15 [842 677 853 677]
line-16 [1006 668 1015 668]
line-17 [704 668 711 668]
line-18 [636 667 645 667]
line-19 [1520 641 1533 641]
line-20 [1386 661 1395 661]
line-21 [554 788 563 788]
line-22 [1307 664 1317 664]
line-23 [749 669 755 669]
line-24 [945 677 952 677]
line-25 [596 673 628 673]
line-26 [1497 644 1502 644]
line-27 [1341 670 1358 670]
line-28 [721 677 732 677]
line-29 [653 666 664 666]
line-30 [520 763 552 803]
line-31 [1162 666 1172 666]
line-32 [629 674 635 674]
line-33 [581 672 595 672]
line-34 [1422 669 1438 669]
line-35 [1656 637 1668 637]
line-36 [787 668 793 668]
line-37 [1482 648 1488 648]
line-38 [934 676 944 676]
line-39 [1238 665 1243 665]
line-40 [755 668 767 668]
line-41 [647 667 652 667]
line-42 [1438 654 1454 653]
line-43 [860 679 875 679]
line-44 [794 669 800 669]
line-45 [1176 675 1189 675]
line-46 [711 667 718 667]
line-47 [1079 669 1086 669]
line-48 [1566 638 1576 638]
line-49 [1699 636 1705 636]
line-50 [593 664 602 664]
line-51 [664 779 669 779]
line-52 [1396 710 1407 710]
line-53 [1400 747 1408 747]
line-54 [1117 668 1122 668]
line-55 [1690 640 1696 640]
line-56 [734 668 741 668]
line-57 [1860 629 1877 629]
line-58 [1350 665 1358 665]
line-59 [1061 668 1066 668]
line-60 [1404 745 1417 745]
line-61 [1539 638 1550 638]
line-62 [699 675 708 675]
line-63 [900 710 900 703]
line-64 [1577 640 1586 640]
line-65 [898 669 905 669]
line-66 [1446 646 1460 646]
line-67 [825 674 835 674]
line-68 [628 783 633 783]
line-69 [898 740 898 732]
line-70 [1172 667 1177 667]
line-71 [1103 668 1115 668]
line-72 [1824 629 1834 629]
line-73 [691 776 698 776]
line-74 [1414 654 1426 654]
line-75 [1092 669 1097 669]
line-76 [1150 666 1159 666]
line-77 [1324 663 1345 663]
line-78 [624 668 633 668]
line-79 [1187 665 1194 665]
line-80 [1681 646 1686 646]
line-81 [493 727 503 740]
line-82 [634 783 642 782]
line-83 [1788 626 1793 626]
line-84 [1195 666 1200 666]
line-85 [1640 625 1645 625]
line-86 [1609 638 1614 638]
line-87 [1378 744 1386 744]
line-88 [1400 669 1415 669]
line-89 [1485 645 1492 645]
line-90 [1587 639 1602 639]
line-91 [1338 668 1351 668]
line-92 [1339 666 1348 666]
line-93 [681 668 690 668]
line-94 [1273 662 1279 662]
line-95 [714 677 720 677]
line-96 [1534 664 1539 664]
line-97 [1864 624 1875 624]
line-98 [1454 651 1459 651]
line-99 [914 670 923 670]
line-100 [622 784 627 784]
line-101 [619 663 624 663]
line-102 [626 665 635 666]
line-103 [1373 746 1389 746]
line-104 [1418 746 1437 746]
line-105 [1318 664 1323 664]
line-106 [719 668 730 668]
line-107 [855 670 861 670]
line-108 [1178 666 1184 666]
line-109 [1420 748 1426 748]
line-110 [1500 652 1510 652]
line-111 [1055 667 1060 667]
line-112 [1280 662 1285 662]
line-113 [704 677 709 677]
line-114 [1691 647 1697 647]
line-115 [652 780 657 780]
line-116 [904 704 904 720]
line-117 [816 668 821 668]
line-118 [1593 665 1598 665]
line-119 [482 714 487 720]
line-120 [1776 628 1784 627]
line-121 [635 671 646 671]
line-122 [1910 629 1916 629]
line-123 [1437 647 1445 647]
line-124 [896 762 896 757]
line-125 [1359 664 1364 664]
line-126 [901 697 901 692]
line-127 [644 674 652 674]
line-128 [1702 644 1708 644]
line-129 [1474 802 1485 802]
line-130 [1201 664 1210 664]
line-131 [611 785 618 785]
line-132 [1530 638 1535 638]
line-133 [1503 654 1511 654]
line-134 [692 672 697 672]
line-135 [826 676 832 676]
line-136 [602 665 608 665]
line-137 [1648 637 1655 637]
line-138 [1136 669 1141 669]
line-139 [1123 669 1128 669]
line-140 [672 778 688 777]
line-141 [708 672 714 672]
line-142 [994 669 1005 669]
line-143 [578 663 588 663]
line-144 [977 671 982 671]
line-145 [898 746 898 741]
line-146 [1687 645 1693 645]
line-147 [1443 745 1464 745]
line-148 [1625 624 1635 624]
line-149 [1395 745 1401 745]
line-150 [1582 665 1592 665]
line-151 [983 669 989 669]
line-152 [1877 627 1883 627]
