line-0 [995 669 1006 669]
line-1 [1104 668 1111 668]
line-2 [767 667 772 667]
line-3 [601 673 630 673]
line-4 [718 674 723 674]
line-5 [477 668 498 668]
line-6 [466 667 476 667]
line-7 [636 669 647 669]
line-8 [1351 665 1363 665]
line-9 [795 669 800 669]
line-10 [874 677 890 677]
line-11 [1413 654 1447 654]
line-12 [833 669 846 669]
line-13 [618 663 624 663]
line-14 [634 673 644 673]
line-15 [1309 663 1345 663]
line-16 [1605 638 1613 638]
line-17 [1055 667 1075 667]
line-18 [543 666 563 666]
line-19 [1860 629 1884 629]
line-20 [1688 645 1698 645]
line-21 [719 668 729 668]
line-22 [519 670 538 670]
line-23 [1477 648 1486 648]
line-24 [1502 654 1513 654]
line-25 [506 660 513 660]
line-26 [523 672 538 672]
line-27 [1347 662 1374 662]
line-28 [1862 624 1875 624]
line-29 [703 668 711 668]
line-30 [1478 646 1491 645]
line-31 [857 677 872 677]
line-32 [860 776 873 777]
line-33 [680 668 689 668]
line-34 [553 662 560 662]
line-35 [1170 675 1193 675]
line-36 [1273 662 1278 662]
line-37 [488 725 502 743]
line-38 [577 663 587 663]
line-39 [1415 668 1421 668]
line-40 [1697 636 1703 636]
line-41 [1448 653 1453 653]
line-42 [1538 636 1543 636]
line-43 [1567 638 1576 638]
line-44 [593 664 602 664]
line-45 [1514 637 1526 636]
line-46 [825 674 835 674]
line-47 [1098 667 1103 667]
line-48 [519 660 529 660]
line-49 [1339 668 1349 668]
line-50 [1646 637 1653 637]
line-51 [499 669 518 669]
line-52 [1244 663 1250 663]
line-53 [868 671 874 671]
line-54 [1371 743 1381 743]
line-55 [1232 665 1243 665]
line-56 [1177 666 1183 666]
line-57 [1533 664 1538 664]
line-58 [822 670 833 670]
line-59 [845 677 852 677]
line-60 [701 675 706 675]
line-61 [1577 640 1584 640]
line-62 [1080 669 1087 669]
line-63 [1884 630 1890 630]
line-64 [624 668 635 668]
line-65 [1161 666 1168 666]
line-66 [1538 638 1544 638]
line-67 [1520 641 1535 640]
line-68 [899 669 904 669]
line-69 [634 671 647 671]
line-70 [1506 635 1511 635]
line-71 [1397 742 1405 742]
line-72 [477 712 490 728]
line-73 [803 666 812 666]
line-74 [643 667 651 667]
line-75 [1622 624 1636 624]
line-76 [1763 631 1770 630]
line-77 [1427 647 1434 647]
line-78 [1399 745 1417 745]
line-79 [637 667 642 667]
line-80 [815 668 821 668]
line-81 [1509 652 1514 652]
line-82 [1849 627 1855 627]
line-83 [1393 747 1400 747]
line-84 [1545 637 1553 637]
line-85 [669 667 679 667]
line-86 [1170 388 1194 409]
line-87 [1265 663 1270 663]
line-88 [1591 639 1601 639]
line-89 [1403 669 1414 669]
line-90 [1637 625 1645 625]
line-91 [338 525 349 540]
line-92 [1720 634 1725 634]
line-93 [1876 627 1882 627]
line-94 [1117 668 1123 668]
line-95 [1754 636 1759 636]
line-96 [1340 670 1345 670]
line-97 [1654 637 1661 637]
line-98 [1588 657 1593 657]
line-99 [1415 648 1420 648]
line-100 [1799 630 1804 630]
line-101 [652 666 663 666]
line-102 [1011 668 1023 668]
line-103 [749 669 755 669]
line-104 [774 669 779 669]
line-105 [1681 647 1695 647]
line-106 [1496 652 1503 652]
line-107 [1822 629 1833 629]
line-108 [1908 629 1915 629]
line-109 [1689 640 1696 639]
line-110 [603 665 608 665]
line-111 [1348 670 1358 670]
line-112 [1385 746 1392 746]
line-113 [890 780 895 780]
line-114 [880 671 885 671]
line-115 [1406 747 1411 747]
line-116 [628 666 635 666]
line-117 [1406 743 1416 743]
line-118 [1699 644 1708 644]
line-119 [1422 669 1432 669]
line-120 [1712 643 1719 643]
line-121 [876 778 888 779]
line-122 [1092 669 1097 669]
line-123 [1786 626 1793 626]
line-124 [755 668 766 668]
line-125 [1392 661 1397 661]
line-126 [1453 651 1458 651]
line-127 [733 668 740 668]
line-128 [539 671 551 671]
line-129 [594 674 600 674]
line-130 [556 668 563 668]
line-131 [1388 744 1397 745]
line-132 [331 514 339 525]
