line-0 [1162 666 1172 666]
line-1 [644 674 652 674]
line-2 [755 668 767 668]
line-3 [916 670 921 670]
line-4 [563 667 569 667]
line-5 [1123 669 1128 669]
line-6 [636 667 645 667]
line-7 [1320 663 1345 663]
line-8 [1498 652 1515 652]
line-9 [867 677 878 677]
line-10 [833 669 846 669]
line-11 [1201 664 1210 664]
line-12 [680 668 689 668]
line-13 [1818 630 1823 630]
line-14 [553 662 559 662]
line-15 [593 664 602 664]
line-16 [465 667 475 667]
line-17 [867 672 880 672]
line-18 [1445 646 1453 646]
line-19 [1699 646 1704 646]
line-20 [633 669 647 669]
line-21 [803 666 812 666]
line-22 [1732 634 1738 633]
line-23 [1232 665 1243 665]
line-24 [1587 639 1595 639]
line-25 [1589 657 1594 657]
line-26 [1654 637 1664 637]
line-27 [813 668 821 668]
line-28 [698 675 707 675]
line-29 [568 672 598 672]
line-30 [1638 625 1646 625]
line-31 [1365 664 1371 664]
line-32 [1284 662 1289 662]
line-33 [1416 648 1429 648]
line-34 [1414 654 1429 654]
line-35 [1577 640 1586 640]
line-36 [1477 648 1488 648]
line-37 [734 668 741 668]
line-38 [1341 670 1352 670]
line-39 [1423 669 1434 669]
line-40 [518 670 537 670]
line-41 [1306 671 1331 671]
line-42 [1273 662 1282 662]
line-43 [1681 647 1698 647]
line-44 [856 670 861 670]
line-45 [1567 638 1577 638]
line-46 [1846 627 1856 627]
line-47 [551 670 556 670]
line-48 [1810 630 1815 630]
line-49 [1397 710 1408 710]
line-50 [1754 636 1760 636]
line-51 [1860 629 1880 629]
line-52 [1178 666 1184 666]
line-53 [1106 668 1115 668]
line-54 [825 674 830 674]
line-55 [1396 657 1401 657]
line-56 [1044 666 1049 666]
line-57 [1525 641 1536 640]
line-58 [1625 624 1637 624]
line-59 [876 775 888 776]
line-60 [634 671 646 671]
line-61 [1434 654 1449 654]
line-62 [1538 638 1545 638]
line-63 [1067 667 1075 667]
line-64 [1388 744 1403 745]
line-65 [787 668 793 668]
line-66 [629 674 634 674]
line-67 [1605 638 1615 637]
line-68 [479 668 499 668]
line-69 [1393 747 1419 747]
line-70 [703 668 711 668]
line-71 [1702 644 1716 644]
line-72 [1518 636 1525 636]
line-73 [669 667 679 667]
line-74 [867 679 874 679]
line-75 [794 669 800 669]
line-76 [560 663 565 663]
line-77 [542 666 550 666]
line-78 [1885 630 1890 630]
line-79 [1824 629 1835 629]
line-80 [750 669 755 669]
line-81 [1176 675 1186 675]
line-82 [599 673 628 673]
line-83 [483 715 499 734]
line-84 [1497 644 1502 644]
line-85 [1589 659 1598 659]
line-86 [1348 662 1372 662]
line-87 [1244 663 1256 663]
line-88 [1056 667 1061 667]
line-89 [1303 664 1319 664]
line-90 [1401 669 1409 669]
line-91 [1509 654 1514 654]
line-92 [658 666 669 666]
line-93 [865 774 870 774]
line-94 [1092 669 1097 669]
line-95 [1698 636 1704 636]
line-96 [879 677 889 677]
line-97 [578 663 588 663]
line-98 [1080 669 1087 669]
line-99 [1187 665 1194 665]
line-100 [1904 630 1909 630]
line-101 [538 671 550 671]
line-102 [1722 635 1730 635]
line-103 [1690 640 1696 640]
line-104 [1340 668 1350 668]
line-105 [1437 647 1444 647]
line-106 [1098 667 1103 667]
line-107 [1863 624 1875 624]
line-108 [1406 745 1420 745]
line-109 [903 779 908 779]
line-110 [1786 627 1793 626]
line-111 [1195 666 1200 666]
line-112 [1198 404 1221 426]
line-113 [695 667 700 667]
line-114 [1877 627 1883 627]
line-115 [500 669 517 669]
line-116 [1484 645 1491 645]
line-117 [602 665 608 665]
line-118 [620 675 628 675]
line-119 [1332 670 1337 670]
line-120 [647 667 652 667]
line-121 [1296 672 1305 672]
line-122 [541 662 547 662]
line-123 [898 669 904 669]
line-124 [638 673 643 673]
line-125 [551 666 562 666]
line-126 [1376 744 1383 744]
line-127 [917 781 928 782]
line-128 [719 668 730 668]
line-129 [826 676 831 676]
line-130 [774 669 779 669]
line-131 [556 668 562 668]
line-132 [532 660 538 660]
line-133 [1909 629 1916 629]
line-134 [1766 630 1771 630]
line-135 [881 671 886 671]
line-136 [1531 638 1536 638]
line-137 [1430 647 1435 647]
line-138 [1420 748 1433 748]
line-139 [1647 637 1653 637]
line-140 [1484 803 1493 804]
