line-0 [1647 637 1661 637]
line-1 [1340 668 1357 668]
line-2 [635 669 647 669]
line-3 [578 663 588 663]
line-4 [1177 666 1183 666]
line-5 [624 668 634 668]
line-6 [466 667 475 667]
line-7 [1098 667 1103 667]
line-8 [1589 659 1598 659]
line-9 [1345 662 1371 662]
line-10 [1860 629 1878 629]
line-11 [669 667 679 667]
line-12 [653 666 669 666]
line-13 [1520 641 1536 640]
line-14 [828 670 833 670]
line-15 [1590 639 1600 639]
line-16 [1682 659 1688 659]
line-17 [647 667 652 667]
line-18 [555 668 563 668]
line-19 [1909 629 1915 629]
line-20 [1497 652 1511 652]
line-21 [476 668 496 668]
line-22 [1104 668 1115 668]
line-23 [1244 663 1251 663]
line-24 [593 664 602 664]
line-25 [833 669 846 669]
line-26 [863 677 889 677]
line-27 [1567 638 1576 638]
line-28 [1352 665 1366 665]
line-29 [539 671 550 671]
line-30 [719 668 730 668]
line-31 [755 668 761 668]
line-32 [1422 669 1433 669]
line-33 [1849 627 1855 627]
line-34 [749 669 755 669]
line-35 [1321 663 1344 663]
line-36 [1044 666 1049 666]
line-37 [1576 658 1585 658]
line-38 [701 675 707 675]
line-39 [543 666 558 666]
line-40 [478 710 502 740]
line-41 [1273 662 1285 662]
line-42 [531 660 538 660]
line-43 [868 671 875 671]
line-44 [535 783 552 804]
line-45 [1201 664 1209 664]
line-46 [813 668 821 668]
line-47 [1340 670 1358 670]
line-48 [453 655 460 655]
line-49 [803 666 808 666]
line-50 [520 660 529 660]
line-51 [1010 668 1015 668]
line-52 [1509 649 1516 649]
line-53 [1056 667 1061 667]
line-54 [541 662 547 662]
line-55 [1395 657 1401 657]
line-56 [1538 638 1545 638]
line-57 [497 669 518 669]
line-58 [1481 648 1487 648]
line-59 [774 669 779 669]
line-60 [1423 654 1437 654]
line-61 [1066 667 1074 667]
line-62 [825 674 835 674]
line-63 [703 668 711 668]
line-64 [1786 627 1793 626]
line-65 [1373 744 1380 744]
line-66 [634 671 639 671]
line-67 [1304 664 1320 664]
line-68 [1092 669 1097 669]
line-69 [506 660 514 660]
line-70 [1605 638 1613 638]
line-71 [1841 622 1846 622]
line-72 [1178 675 1191 675]
line-73 [879 776 884 776]
line-74 [1625 624 1635 624]
line-75 [1703 644 1711 644]
line-76 [1414 654 1422 654]
line-77 [1862 625 1873 624]
line-78 [1438 654 1447 654]
line-79 [628 666 635 666]
line-80 [1408 669 1415 669]
line-81 [1162 666 1171 666]
line-82 [1753 636 1760 636]
line-83 [711 667 718 667]
line-84 [1766 630 1771 630]
line-85 [515 757 533 780]
line-86 [856 670 861 670]
line-87 [863 679 874 679]
line-88 [1577 640 1585 640]
line-89 [1080 669 1087 669]
line-90 [1184 665 1194 665]
line-91 [1232 665 1243 665]
line-92 [1386 661 1391 661]
line-93 [1518 636 1525 636]
line-94 [1497 644 1502 644]
line-95 [1455 646 1461 646]
line-96 [1823 629 1833 629]
line-97 [1317 671 1327 671]
line-98 [519 670 538 670]
line-99 [1699 636 1704 636]
line-100 [619 663 624 663]
line-101 [1402 669 1407 669]
line-102 [1188 398 1214 421]
line-103 [553 662 560 662]
line-104 [1531 665 1539 664]
line-105 [640 671 646 671]
line-106 [680 668 689 668]
line-107 [904 676 909 676]
line-108 [1687 645 1694 645]
line-109 [885 777 890 777]
line-110 [561 663 566 663]
line-111 [1532 662 1537 662]
line-112 [564 667 569 667]
line-113 [1503 654 1513 654]
line-114 [1392 669 1400 669]
line-115 [899 669 904 669]
line-116 [1480 802 1486 802]
line-117 [1588 657 1594 657]
line-118 [1485 645 1491 645]
line-119 [731 674 736 674]
line-120 [1027 668 1032 668]
line-121 [827 676 832 676]
line-122 [1470 801 1480 801]
line-123 [1392 747 1398 747]
line-124 [1877 627 1883 627]
line-125 [1195 666 1200 666]
line-126 [602 665 607 665]
line-127 [1638 625 1644 625]
line-128 [733 668 741 668]
