line-0 [914 670 923 670]
line-1 [1437 654 1453 654]
line-2 [813 668 821 668]
line-3 [1123 669 1128 669]
line-4 [983 669 989 669]
line-5 [774 669 779 669]
line-6 [1520 641 1532 641]
line-7 [731 674 736 674]
line-8 [635 669 648 669]
line-9 [680 668 689 668]
line-10 [1823 629 1833 629]
line-11 [704 668 711 668]
line-12 [1063 667 1074 667]
line-13 [1177 666 1183 666]
line-14 [1885 630 1890 630]
line-15 [930 671 942 671]
line-16 [637 667 646 667]
line-17 [945 677 954 677]
line-18 [1080 669 1086 669]
line-19 [1205 664 1210 664]
line-20 [650 782 656 782]
line-21 [1232 665 1243 665]
line-22 [827 670 833 670]
line-23 [1351 662 1371 662]
line-24 [1453 651 1459 650]
line-25 [1909 629 1915 629]
line-26 [593 664 602 664]
line-27 [619 663 624 663]
line-28 [867 677 889 677]
line-29 [1075 668 1080 668]
line-30 [1817 630 1822 630]
line-31 [749 669 755 669]
line-32 [803 666 812 666]
line-33 [904 741 904 703]
line-34 [833 669 846 669]
line-35 [1055 667 1061 667]
line-36 [898 737 898 727]
line-37 [934 676 945 676]
line-38 [657 781 663 781]
line-39 [624 668 634 668]
line-40 [1416 654 1424 654]
line-41 [1530 638 1535 638]
line-42 [1637 625 1645 625]
line-43 [1647 637 1661 637]
line-44 [628 666 636 666]
line-45 [1586 639 1599 639]
line-46 [734 668 741 668]
line-47 [1161 666 1172 666]
line-48 [1321 663 1345 663]
line-49 [782 676 805 676]
line-50 [1506 649 1516 649]
line-51 [479 713 497 736]
line-52 [1244 663 1251 663]
line-53 [1859 629 1882 629]
line-54 [1398 669 1414 669]
line-55 [1517 636 1525 636]
line-56 [585 789 592 789]
line-57 [1349 670 1358 670]
line-58 [496 734 502 741]
line-59 [844 677 851 677]
line-60 [1682 659 1687 659]
line-61 [634 671 646 671]
line-62 [1477 648 1488 648]
line-63 [634 673 644 673]
line-64 [1340 668 1354 668]
line-65 [909 669 914 669]
line-66 [961 675 966 675]
line-67 [669 667 674 667]
line-68 [711 667 719 667]
line-69 [947 671 963 671]
line-70 [880 671 887 671]
line-71 [632 784 638 784]
line-72 [331 513 338 522]
line-73 [859 679 870 679]
line-74 [1786 626 1794 626]
line-75 [1383 746 1398 746]
line-76 [994 669 1006 669]
line-77 [1605 638 1613 638]
line-78 [815 676 821 676]
line-79 [1688 640 1693 640]
line-80 [914 673 919 673]
line-81 [1808 631 1815 630]
line-82 [1538 638 1545 638]
line-83 [1265 663 1270 663]
line-84 [1506 652 1514 652]
line-85 [1876 627 1882 627]
line-86 [1104 668 1115 668]
line-87 [900 709 901 692]
line-88 [687 778 693 778]
line-89 [1849 627 1855 627]
line-90 [977 676 982 676]
line-91 [1685 647 1698 647]
line-92 [825 674 835 674]
line-93 [1566 638 1576 638]
line-94 [606 787 613 787]
line-95 [1416 648 1422 648]
line-96 [1485 645 1490 645]
line-97 [1589 657 1594 657]
line-98 [348 537 354 544]
line-99 [868 671 874 671]
line-100 [1627 624 1632 624]
line-101 [1340 670 1348 670]
line-102 [1863 624 1874 624]
line-103 [1589 659 1595 659]
line-104 [547 789 556 789]
line-105 [553 662 560 662]
line-106 [768 676 781 676]
line-107 [899 669 904 669]
line-108 [555 668 563 668]
line-109 [577 663 587 663]
line-110 [547 666 564 666]
line-111 [1533 664 1538 664]
line-112 [1686 645 1698 645]
line-113 [1304 664 1320 664]
line-114 [720 668 729 668]
line-115 [1709 644 1714 644]
line-116 [1372 745 1382 745]
line-117 [767 667 772 667]
line-118 [729 667 734 667]
line-119 [1017 668 1022 668]
line-120 [1272 662 1289 662]
line-121 [639 783 644 783]
line-122 [1499 652 1505 652]
line-123 [702 675 707 675]
line-124 [666 780 671 780]
line-125 [1098 667 1103 667]
line-126 [1428 669 1433 669]
line-127 [1697 637 1704 636]
line-128 [899 715 899 725]
line-129 [904 767 904 752]
line-130 [602 665 608 665]
line-131 [1372 743 1380 743]
line-132 [894 774 895 762]
line-133 [1577 640 1585 640]
line-134 [1460 799 1471 799]
line-135 [567 791 573 791]
line-136 [1754 636 1760 636]
line-137 [652 666 669 666]
line-138 [755 668 761 668]
line-139 [1765 630 1770 630]
line-140 [1461 801 1469 801]
line-141 [882 778 891 779]
line-142 [339 526 347 536]
line-143 [557 790 562 790]
line-144 [615 786 622 786]
line-145 [676 779 682 779]
