line-0 [880 671 887 671]
line-1 [624 668 636 668]
line-2 [729 667 734 667]
line-3 [718 674 723 674]
line-4 [1165 666 1183 666]
line-5 [1646 637 1656 637]
line-6 [1403 669 1413 669]
line-7 [646 666 662 666]
line-8 [1027 668 1032 668]
line-9 [1681 645 1692 645]
line-10 [1544 637 1553 637]
line-11 [1114 668 1123 668]
line-12 [1594 639 1612 638]
line-13 [669 667 680 667]
line-14 [1300 663 1343 663]
line-15 [1572 658 1584 658]
line-16 [1288 661 1294 661]
line-17 [569 793 591 791]
line-18 [634 673 645 673]
line-19 [995 669 1004 669]
line-20 [531 660 538 660]
line-21 [1444 646 1458 646]
line-22 [857 677 889 677]
line-23 [955 670 964 670]
line-24 [634 671 647 671]
line-25 [1352 665 1368 665]
line-26 [1177 675 1194 675]
line-27 [1520 641 1532 641]
line-28 [1877 627 1882 627]
line-29 [545 666 565 666]
line-30 [934 676 940 676]
line-31 [898 669 905 669]
line-32 [1056 667 1075 667]
line-33 [1560 641 1566 641]
line-34 [1671 641 1680 640]
line-35 [593 664 602 664]
line-36 [1859 629 1882 629]
line-37 [755 668 761 668]
line-38 [637 669 648 669]
line-39 [1567 638 1576 638]
line-40 [720 668 729 668]
line-41 [1680 647 1691 647]
line-42 [692 672 697 672]
line-43 [1693 646 1701 646]
line-44 [1697 636 1702 636]
line-45 [1717 634 1725 634]
line-46 [1347 662 1374 662]
line-47 [484 720 503 744]
line-48 [1693 644 1705 644]
line-49 [520 660 529 660]
line-50 [898 736 898 726]
line-51 [1478 645 1490 645]
line-52 [1104 668 1110 668]
line-53 [906 668 911 668]
line-54 [1446 653 1454 653]
line-55 [1785 626 1793 626]
line-56 [577 663 587 663]
line-57 [944 671 954 671]
line-58 [1778 627 1785 627]
line-59 [637 785 659 783]
line-60 [822 670 833 670]
line-61 [1732 634 1737 634]
line-62 [833 669 843 669]
line-63 [904 715 904 721]
line-64 [1414 668 1421 668]
line-65 [552 662 561 662]
line-66 [628 666 636 666]
line-67 [1864 624 1874 624]
line-68 [1244 663 1250 663]
line-69 [1711 643 1719 643]
line-70 [1798 630 1804 630]
line-71 [1257 664 1264 664]
line-72 [900 705 900 699]
line-73 [1538 638 1543 638]
line-74 [1502 649 1514 649]
line-75 [1819 629 1833 629]
line-76 [1091 669 1097 669]
line-77 [913 670 921 670]
line-78 [1625 624 1635 624]
line-79 [903 706 903 687]
line-80 [336 522 350 541]
line-81 [602 665 608 665]
line-82 [1011 668 1018 668]
line-83 [803 666 812 666]
line-84 [1419 654 1433 654]
line-85 [1352 670 1357 670]
line-86 [766 667 772 667]
line-87 [825 674 835 674]
line-88 [1554 660 1564 660]
line-89 [1518 636 1526 636]
line-90 [1657 636 1665 636]
line-91 [901 695 901 689]
line-92 [1908 629 1915 629]
line-93 [813 668 821 668]
line-94 [1754 636 1759 636]
line-95 [904 782 904 752]
line-96 [1341 668 1347 668]
line-97 [1339 670 1350 670]
line-98 [1274 661 1283 661]
line-99 [681 668 689 668]
line-100 [947 677 954 677]
line-101 [1081 669 1087 669]
line-102 [899 724 899 716]
line-103 [664 675 669 675]
line-104 [1559 639 1565 639]
line-105 [603 789 611 789]
line-106 [708 676 714 676]
line-107 [934 671 943 671]
line-108 [1532 664 1537 664]
line-109 [774 669 779 669]
line-110 [1232 665 1242 665]
line-111 [1506 635 1511 635]
line-112 [1487 647 1492 647]
line-113 [898 742 898 737]
line-114 [896 756 896 750]
line-115 [1577 640 1583 640]
line-116 [1765 630 1770 630]
line-117 [1638 625 1645 625]
line-118 [638 667 645 667]
line-119 [867 671 874 671]
line-120 [671 781 688 780]
line-121 [532 663 537 663]
line-122 [618 663 624 663]
line-123 [734 668 740 668]
line-124 [1688 640 1693 640]
line-125 [548 791 559 791]
line-126 [1405 655 1411 655]
line-127 [1044 666 1050 666]
line-128 [1409 708 1414 708]
line-129 [350 540 355 547]
line-130 [749 669 755 669]
