line-0 [1061 668 1067 668]
line-1 [898 669 914 669]
line-2 [1348 662 1372 662]
line-3 [1162 666 1171 666]
line-4 [1303 664 1325 664]
line-5 [1501 652 1515 652]
line-6 [833 669 846 669]
line-7 [1861 629 1877 629]
line-8 [1433 654 1444 654]
line-9 [1358 664 1371 664]
line-10 [703 668 711 668]
line-11 [935 676 945 676]
line-12 [995 669 1006 669]
line-13 [636 667 655 667]
line-14 [1878 630 1883 630]
line-15 [867 672 877 672]
line-16 [719 668 730 668]
line-17 [1177 666 1185 666]
line-18 [1273 662 1285 662]
line-19 [1594 639 1604 639]
line-20 [842 677 852 677]
line-21 [627 669 642 669]
line-22 [748 669 755 669]
line-23 [1108 668 1115 668]
line-24 [931 671 966 671]
line-25 [1326 663 1346 663]
line-26 [867 679 874 679]
line-27 [1401 669 1415 669]
line-28 [1504 654 1511 654]
line-29 [1456 646 1462 646]
line-30 [705 776 712 776]
line-31 [1478 648 1490 648]
line-32 [1093 669 1098 669]
line-33 [817 677 825 677]
line-34 [640 674 653 674]
line-35 [672 779 688 778]
line-36 [1648 637 1662 637]
line-37 [866 677 887 677]
line-38 [1539 638 1555 637]
line-39 [1194 666 1200 666]
line-40 [879 672 890 672]
line-41 [1825 629 1834 629]
line-42 [1663 637 1669 637]
line-43 [1415 654 1427 654]
line-44 [1017 668 1022 668]
line-45 [1186 665 1193 665]
line-46 [1387 747 1406 747]
line-47 [1396 657 1401 657]
line-48 [1247 663 1257 663]
line-49 [590 789 622 786]
line-50 [669 667 674 667]
line-51 [1789 626 1794 626]
line-52 [755 668 767 668]
line-53 [511 772 538 803]
line-54 [727 675 732 675]
line-55 [1202 664 1210 664]
line-56 [1342 670 1354 670]
line-57 [1079 669 1087 669]
line-58 [1136 669 1141 669]
line-59 [897 754 897 749]
line-60 [1905 630 1910 630]
line-61 [1151 666 1159 666]
line-62 [826 676 834 676]
line-63 [1401 745 1407 745]
line-64 [1701 644 1721 644]
line-65 [698 675 707 675]
line-66 [711 667 718 667]
line-67 [634 671 645 671]
line-68 [855 670 862 670]
line-69 [976 671 982 671]
line-70 [1588 639 1593 639]
line-71 [1339 668 1349 668]
line-72 [825 674 835 674]
line-73 [712 677 722 677]
line-74 [628 674 636 674]
line-75 [1437 647 1448 647]
line-76 [1910 629 1915 629]
line-77 [657 666 668 666]
line-78 [1521 641 1531 641]
line-79 [1637 625 1643 625]
line-80 [906 678 911 678]
line-81 [900 713 900 703]
line-82 [1445 654 1454 654]
line-83 [680 668 690 668]
line-84 [1865 624 1876 624]
line-85 [1878 627 1884 627]
line-86 [1767 630 1772 630]
line-87 [484 717 503 740]
line-88 [1578 640 1587 640]
line-89 [1478 646 1486 646]
line-90 [1754 636 1761 636]
line-91 [1700 636 1706 636]
line-92 [1518 636 1524 636]
line-93 [1689 641 1698 639]
line-94 [1819 630 1824 630]
line-95 [1718 635 1731 635]
line-96 [1590 657 1595 657]
line-97 [905 748 905 768]
line-98 [639 783 645 783]
line-99 [794 669 800 669]
line-100 [1626 624 1633 624]
line-101 [617 673 627 673]
line-102 [611 665 618 665]
line-103 [1122 669 1129 669]
line-104 [1388 745 1396 745]
line-105 [1691 645 1700 645]
line-106 [898 736 898 730]
line-107 [1443 749 1449 749]
line-108 [945 677 953 677]
line-109 [1107 676 1118 676]
line-110 [912 674 917 674]
line-111 [503 763 515 777]
line-112 [904 701 904 711]
line-113 [1407 748 1436 748]
line-114 [774 669 780 669]
line-115 [1850 627 1856 627]
line-116 [1210 665 1215 665]
line-117 [625 785 630 785]
line-118 [628 666 635 666]
line-119 [896 766 896 757]
line-120 [1689 647 1699 647]
line-121 [661 780 670 780]
line-122 [723 677 739 677]
line-123 [1377 661 1382 661]
line-124 [1007 668 1015 668]
line-125 [1423 710 1433 710]
line-126 [904 769 904 778]
line-127 [733 668 742 668]
line-128 [886 777 894 777]
line-129 [631 784 637 784]
