line-0 [1338 668 1351 668]
line-1 [774 669 779 669]
line-2 [913 670 924 670]
line-3 [647 667 652 667]
line-4 [1861 629 1877 629]
line-5 [867 679 875 679]
line-6 [1767 630 1772 630]
line-7 [1521 641 1533 641]
line-8 [497 669 516 669]
line-9 [632 669 647 669]
line-10 [1682 646 1688 646]
line-11 [531 663 537 663]
line-12 [1178 666 1184 666]
line-13 [1700 636 1705 636]
line-14 [1518 636 1525 636]
line-15 [465 667 475 667]
line-16 [1387 661 1398 661]
line-17 [736 668 742 668]
line-18 [843 677 852 677]
line-19 [1413 649 1427 648]
line-20 [1828 629 1835 629]
line-21 [1501 652 1515 652]
line-22 [538 671 550 671]
line-23 [1273 662 1282 662]
line-24 [1415 654 1428 654]
line-25 [1151 666 1159 666]
line-26 [1535 664 1540 664]
line-27 [1497 655 1502 655]
line-28 [1352 662 1370 662]
line-29 [1108 668 1115 668]
line-30 [867 672 877 672]
line-31 [1080 669 1086 669]
line-32 [1578 640 1587 640]
line-33 [602 665 608 665]
line-34 [1383 745 1391 745]
line-35 [1850 627 1856 627]
line-36 [1865 624 1876 624]
line-37 [1478 648 1489 648]
line-38 [1416 668 1421 668]
line-39 [1444 654 1454 654]
line-40 [578 663 588 663]
line-41 [628 666 635 666]
line-42 [719 668 730 668]
line-43 [553 662 559 662]
line-44 [749 669 755 669]
line-45 [867 677 878 677]
line-46 [1396 657 1401 657]
line-47 [882 776 887 776]
line-48 [1478 646 1486 646]
line-49 [817 677 825 677]
line-50 [700 675 707 675]
line-51 [825 674 835 674]
line-52 [1407 748 1425 748]
line-53 [1185 665 1193 665]
line-54 [531 660 538 660]
line-55 [1136 669 1141 669]
line-56 [711 667 718 667]
line-57 [1539 638 1551 638]
line-58 [1201 664 1210 664]
line-59 [1309 664 1337 663]
line-60 [755 668 762 668]
line-61 [1656 637 1668 637]
line-62 [1303 664 1308 664]
line-63 [1636 625 1646 625]
line-64 [731 674 736 674]
line-65 [657 666 668 666]
line-66 [828 670 833 670]
line-67 [593 664 602 664]
line-68 [636 667 645 667]
line-69 [1341 670 1354 670]
line-70 [1395 745 1409 746]
line-71 [1556 640 1563 640]
line-72 [911 780 919 781]
line-73 [521 660 529 660]
line-74 [1172 667 1177 667]
line-75 [816 668 821 668]
line-76 [1422 669 1434 669]
line-77 [619 663 624 663]
line-78 [1244 663 1256 663]
line-79 [476 668 496 668]
line-80 [1213 415 1233 435]
line-81 [1044 666 1049 666]
line-82 [550 666 560 666]
line-83 [1429 648 1447 647]
line-84 [704 668 711 668]
line-85 [517 670 537 670]
line-86 [1691 640 1697 640]
line-87 [1239 665 1244 665]
line-88 [1455 646 1462 646]
line-89 [543 666 549 666]
line-90 [1092 669 1098 669]
line-91 [478 708 501 735]
line-92 [833 669 846 669]
line-93 [680 668 688 668]
line-94 [1905 630 1910 630]
line-95 [1689 645 1700 645]
line-96 [899 669 905 669]
line-97 [1061 668 1067 668]
line-98 [1572 638 1577 638]
line-99 [1582 665 1598 665]
line-100 [1359 664 1371 664]
line-101 [1452 746 1473 746]
line-102 [804 666 812 666]
line-103 [1789 626 1794 626]
line-104 [624 668 631 668]
line-105 [826 676 835 676]
line-106 [1194 666 1200 666]
line-107 [1162 666 1171 666]
line-108 [1122 669 1129 669]
line-109 [855 670 861 670]
line-110 [1625 624 1632 624]
line-111 [560 663 565 663]
line-112 [1589 639 1603 639]
line-113 [635 671 642 671]
line-114 [905 779 910 779]
line-115 [1338 663 1346 662]
line-116 [1210 413 1234 437]
line-117 [541 662 547 662]
line-118 [1704 644 1721 644]
line-119 [1448 646 1453 646]
line-120 [1754 636 1760 636]
line-121 [1647 637 1655 637]
line-122 [879 677 889 677]
line-123 [794 669 800 669]
line-124 [1819 630 1824 630]
line-125 [1156 678 1161 678]
line-126 [1400 669 1408 669]
line-127 [1531 638 1536 638]
line-128 [1878 627 1884 627]
line-129 [904 700 904 706]
line-130 [1910 629 1915 629]
line-131 [561 667 569 667]
line-132 [1690 647 1695 647]
line-133 [1683 661 1688 661]
