line-0 [476 668 491 668]
line-1 [837 677 853 677]
line-2 [1201 664 1210 664]
line-3 [1353 662 1372 662]
line-4 [1302 664 1329 664]
line-5 [867 677 887 677]
line-6 [1422 669 1434 669]
line-7 [1653 637 1672 637]
line-8 [465 667 475 667]
line-9 [787 668 793 668]
line-10 [1171 667 1178 667]
line-11 [658 666 669 666]
line-12 [703 668 712 668]
line-13 [1438 654 1454 653]
line-14 [1006 668 1015 668]
line-15 [1862 629 1873 629]
line-16 [930 671 962 671]
line-17 [880 672 890 672]
line-18 [1023 669 1028 669]
line-19 [1274 662 1285 662]
line-20 [1244 663 1256 663]
line-21 [680 668 691 668]
line-22 [961 675 966 675]
line-23 [794 669 801 669]
line-24 [1725 635 1731 635]
line-25 [491 723 506 742]
line-26 [1874 630 1884 630]
line-27 [996 669 1006 669]
line-28 [1639 625 1645 625]
line-29 [826 676 834 676]
line-30 [719 668 730 668]
line-31 [1122 669 1129 669]
line-32 [1691 640 1697 640]
line-33 [1701 636 1706 636]
line-34 [1417 648 1427 648]
line-35 [1539 638 1551 638]
line-36 [1093 669 1098 669]
line-37 [669 780 674 780]
line-38 [833 669 846 669]
line-39 [935 676 945 676]
line-40 [1848 627 1856 627]
line-41 [647 667 653 667]
line-42 [855 670 862 670]
line-43 [1239 665 1244 665]
line-44 [1867 624 1877 624]
line-45 [1478 646 1484 646]
line-46 [1194 666 1200 666]
line-47 [1333 663 1346 663]
line-48 [1400 669 1417 669]
line-49 [627 669 641 669]
line-50 [1556 636 1562 636]
line-51 [899 728 899 723]
line-52 [1557 640 1563 640]
line-53 [1702 644 1722 644]
line-54 [1856 628 1861 628]
line-55 [977 671 982 671]
line-56 [1179 666 1185 666]
line-57 [1504 652 1514 652]
line-58 [1111 676 1118 676]
line-59 [1505 654 1515 653]
line-60 [1602 639 1610 639]
line-61 [804 666 809 666]
line-62 [1071 668 1079 668]
line-63 [898 743 898 733]
line-64 [1109 668 1115 668]
line-65 [635 667 645 667]
line-66 [903 690 903 699]
line-67 [698 777 706 777]
line-68 [1498 644 1503 644]
line-69 [825 674 834 674]
line-70 [1505 650 1515 649]
line-71 [1528 641 1534 641]
line-72 [899 669 905 669]
line-73 [698 675 708 675]
line-74 [1572 638 1577 638]
line-75 [1097 676 1105 676]
line-76 [1162 666 1170 666]
line-77 [635 671 646 671]
line-78 [1484 648 1489 648]
line-79 [1156 678 1161 678]
line-80 [334 513 352 539]
line-81 [1556 642 1564 642]
line-82 [907 669 913 669]
line-83 [1427 655 1437 655]
line-84 [913 670 924 670]
line-85 [737 668 742 668]
line-86 [711 776 717 776]
line-87 [1402 747 1414 747]
line-88 [905 762 905 746]
line-89 [1497 653 1502 653]
line-90 [1518 636 1525 636]
line-91 [1409 711 1421 711]
line-92 [748 669 755 669]
line-93 [1454 747 1475 747]
line-94 [867 679 874 679]
line-95 [1719 635 1724 635]
line-96 [1151 666 1159 666]
line-97 [755 668 767 668]
line-98 [1427 748 1448 748]
line-99 [712 667 718 667]
line-100 [692 672 697 672]
line-101 [1578 640 1585 640]
line-102 [904 711 904 705]
line-103 [1352 665 1359 665]
line-104 [1338 668 1346 668]
line-105 [723 775 729 775]
line-106 [900 716 900 706]
line-107 [1387 746 1401 746]
line-108 [1768 630 1773 630]
line-109 [1622 625 1632 624]
line-110 [1468 745 1473 745]
line-111 [1506 636 1512 635]
line-112 [1080 669 1086 669]
line-113 [1826 629 1835 629]
line-114 [1460 745 1467 745]
line-115 [1589 639 1601 639]
line-116 [650 782 655 782]
line-117 [1905 630 1910 630]
line-118 [856 677 861 677]
line-119 [990 666 995 666]
line-120 [1087 670 1092 670]
line-121 [1911 629 1916 629]
line-122 [656 782 665 781]
line-123 [1690 647 1698 647]
line-124 [905 765 905 779]
line-125 [1878 627 1884 627]
line-126 [1684 659 1689 659]
line-127 [1633 625 1638 625]
line-128 [1186 665 1193 665]
line-129 [1820 630 1825 630]
line-130 [1061 668 1067 668]
line-131 [1360 664 1366 664]
line-132 [1702 646 1707 646]
line-133 [628 666 634 666]
line-134 [774 669 780 669]
