line-0 [1348 662 1373 662]
line-1 [547 663 552 663]
line-2 [711 667 718 667]
line-3 [579 663 588 663]
line-4 [496 669 515 669]
line-5 [804 666 812 666]
line-6 [679 668 690 668]
line-7 [1478 648 1489 648]
line-8 [1862 629 1879 629]
line-9 [1079 669 1086 669]
line-10 [862 679 872 679]
line-11 [532 660 538 660]
line-12 [658 666 669 666]
line-13 [867 672 880 672]
line-14 [1122 669 1132 668]
line-15 [1588 639 1600 639]
line-16 [553 662 559 662]
line-17 [703 668 711 668]
line-18 [1800 630 1806 630]
line-19 [538 671 550 671]
line-20 [794 669 801 669]
line-21 [867 677 883 677]
line-22 [833 669 846 669]
line-23 [1900 629 1906 629]
line-24 [1688 645 1700 645]
line-25 [634 671 646 671]
line-26 [471 657 477 657]
line-27 [1162 666 1171 666]
line-28 [465 667 476 667]
line-29 [1387 661 1396 661]
line-30 [1456 646 1462 646]
line-31 [1768 630 1773 630]
line-32 [636 667 645 667]
line-33 [1273 662 1285 662]
line-34 [1157 678 1162 678]
line-35 [1178 666 1185 666]
line-36 [1360 664 1371 664]
line-37 [1605 638 1615 638]
line-38 [506 660 514 660]
line-39 [1438 654 1457 654]
line-40 [516 670 537 670]
line-41 [1060 668 1066 668]
line-42 [755 668 768 668]
line-43 [478 668 495 668]
line-44 [1650 637 1664 637]
line-45 [1820 630 1836 629]
line-46 [935 676 944 676]
line-47 [1579 640 1587 640]
line-48 [1201 664 1210 664]
line-49 [826 676 834 676]
line-50 [637 669 645 669]
line-51 [1304 664 1328 664]
line-52 [1572 638 1578 638]
line-53 [1417 648 1424 648]
line-54 [886 779 891 779]
line-55 [1701 644 1716 644]
line-56 [1416 749 1445 749]
line-57 [1866 624 1877 624]
line-58 [722 674 727 674]
line-59 [1420 654 1434 654]
line-60 [532 663 537 663]
line-61 [1329 663 1346 663]
line-62 [928 785 939 786]
line-63 [1790 626 1796 626]
line-64 [1186 665 1194 665]
line-65 [1508 654 1514 654]
line-66 [850 670 862 670]
line-67 [1502 652 1512 652]
line-68 [809 675 815 675]
line-69 [1519 636 1526 636]
line-70 [1539 638 1547 638]
line-71 [1879 627 1885 627]
line-72 [1087 670 1092 670]
line-73 [541 662 547 662]
line-74 [1522 641 1533 641]
line-75 [593 664 599 664]
line-76 [918 670 924 670]
line-77 [647 667 652 667]
line-78 [489 723 496 731]
line-79 [555 668 564 668]
line-80 [1172 667 1177 667]
line-81 [700 675 707 675]
line-82 [904 735 904 698]
line-83 [825 674 834 674]
line-84 [1557 640 1566 639]
line-85 [931 671 942 671]
line-86 [736 668 741 668]
line-87 [1911 629 1916 629]
line-88 [543 666 552 666]
line-89 [1527 666 1532 666]
line-90 [1195 666 1200 666]
line-91 [898 669 905 669]
line-92 [941 787 946 787]
line-93 [1108 676 1117 676]
line-94 [692 672 697 672]
line-95 [1245 663 1253 663]
line-96 [787 668 793 668]
line-97 [1755 636 1761 636]
line-98 [1338 668 1343 668]
line-99 [719 668 730 668]
line-100 [560 663 566 663]
line-101 [628 669 636 669]
line-102 [602 665 608 665]
line-103 [1401 748 1406 748]
line-104 [1701 636 1706 636]
line-105 [1625 624 1636 624]
line-106 [894 780 906 781]
line-107 [1347 668 1352 668]
line-108 [1235 436 1247 449]
line-109 [1110 668 1116 668]
line-110 [884 677 889 677]
line-111 [553 666 563 666]
line-112 [515 661 520 661]
line-113 [1071 668 1078 668]
line-114 [498 733 504 741]
line-115 [1238 665 1243 665]
line-116 [828 670 833 670]
line-117 [1151 666 1159 666]
line-118 [1408 746 1415 746]
line-119 [900 714 901 697]
line-120 [1682 647 1699 647]
line-121 [815 676 823 676]
line-122 [619 663 624 663]
line-123 [521 660 528 660]
line-124 [465 659 470 659]
line-125 [1536 664 1541 664]
line-126 [1639 625 1646 625]
line-127 [1093 669 1098 669]
line-128 [500 658 505 658]
line-129 [1722 634 1727 634]
line-130 [625 671 630 671]
line-131 [1848 627 1857 627]
line-132 [882 672 890 672]
line-133 [748 669 755 669]
line-134 [1347 670 1354 670]
line-135 [1409 655 1414 655]
