line-0 [702 668 711 668]
line-1 [698 675 707 675]
line-2 [867 672 890 672]
line-3 [1302 664 1323 664]
line-4 [499 669 516 669]
line-5 [654 666 668 666]
line-6 [1873 630 1884 630]
line-7 [918 670 924 670]
line-8 [908 669 914 669]
line-9 [1136 669 1141 669]
line-10 [719 668 730 668]
line-11 [628 666 634 666]
line-12 [635 667 645 667]
line-13 [1648 637 1666 637]
line-14 [1497 653 1503 653]
line-15 [1768 630 1773 630]
line-16 [1078 669 1086 669]
line-17 [1705 644 1721 644]
line-18 [1435 654 1450 654]
line-19 [867 677 889 677]
line-20 [1348 662 1371 662]
line-21 [1526 641 1534 641]
line-22 [1862 629 1872 629]
line-23 [1245 663 1256 663]
line-24 [1437 647 1448 647]
line-25 [1093 669 1098 669]
line-26 [816 668 821 668]
line-27 [1719 635 1728 635]
line-28 [521 660 526 660]
line-29 [578 663 593 663]
line-30 [1525 637 1530 637]
line-31 [1539 638 1551 638]
line-32 [1483 648 1491 648]
line-33 [1595 639 1603 639]
line-34 [557 668 563 668]
line-35 [880 776 885 776]
line-36 [611 665 618 665]
line-37 [626 669 638 669]
line-38 [1481 646 1487 646]
line-39 [833 669 846 669]
line-40 [1588 639 1594 639]
line-41 [1185 665 1193 665]
line-42 [1087 670 1092 670]
line-43 [479 668 493 668]
line-44 [714 677 724 677]
line-45 [1428 748 1444 748]
line-46 [625 671 630 671]
line-47 [465 667 476 667]
line-48 [1238 665 1244 665]
line-49 [1407 711 1418 711]
line-50 [1428 655 1434 655]
line-51 [560 663 566 663]
line-52 [1107 676 1118 676]
line-53 [870 775 879 776]
line-54 [669 667 674 667]
line-55 [517 670 536 670]
line-56 [1691 640 1697 640]
line-57 [1177 666 1184 666]
line-58 [1700 636 1706 636]
line-59 [1820 630 1825 630]
line-60 [564 667 569 667]
line-61 [515 661 520 661]
line-62 [634 671 645 671]
line-63 [488 720 494 727]
line-64 [711 667 718 667]
line-65 [899 669 905 669]
line-66 [931 671 940 671]
line-67 [1417 648 1428 647]
line-68 [1335 663 1343 663]
line-69 [679 668 690 668]
line-70 [1340 671 1348 670]
line-71 [1508 652 1515 652]
line-72 [1535 664 1540 664]
line-73 [1273 662 1290 662]
line-74 [491 725 501 737]
line-75 [1061 668 1067 668]
line-76 [1360 666 1370 666]
line-77 [755 668 767 668]
line-78 [1412 748 1423 748]
line-79 [1826 629 1834 629]
line-80 [1156 678 1161 678]
line-81 [774 669 780 669]
line-82 [1387 661 1394 661]
line-83 [1911 629 1916 629]
line-84 [1194 666 1200 666]
line-85 [1201 664 1210 664]
line-86 [867 679 874 679]
line-87 [537 671 551 671]
line-88 [907 780 912 780]
line-89 [787 668 793 668]
line-90 [543 666 557 666]
line-91 [1397 747 1411 747]
line-92 [1329 663 1334 663]
line-93 [1866 624 1876 624]
line-94 [1580 640 1587 640]
line-95 [1097 676 1105 676]
line-96 [1634 625 1640 625]
line-97 [1162 666 1171 666]
line-98 [1123 669 1129 669]
line-99 [804 666 812 666]
line-100 [553 662 559 662]
line-101 [1905 630 1910 630]
line-102 [1448 745 1471 745]
line-103 [1293 662 1298 662]
line-104 [541 662 546 662]
line-105 [737 668 742 668]
line-106 [339 522 343 527]
line-107 [1226 426 1233 433]
line-108 [1848 627 1856 627]
line-109 [1878 627 1884 627]
line-110 [639 669 646 669]
line-111 [471 657 476 657]
line-112 [894 778 899 778]
line-113 [547 668 552 668]
line-114 [900 720 900 710]
line-115 [1445 747 1471 747]
line-116 [1688 647 1700 647]
line-117 [593 664 601 664]
line-118 [1755 636 1765 635]
line-119 [794 669 800 669]
line-120 [933 784 938 784]
line-121 [647 667 653 667]
line-122 [1103 668 1115 668]
line-123 [825 674 834 674]
line-124 [1071 668 1077 668]
line-125 [351 539 356 544]
line-126 [547 663 552 663]
line-127 [1684 659 1689 659]
line-128 [1688 645 1700 645]
line-129 [570 672 588 672]
line-130 [482 712 486 717]
line-131 [1220 421 1243 444]
line-132 [1526 666 1532 666]
line-133 [826 676 834 676]
line-134 [1385 746 1396 746]
line-135 [904 713 904 718]
line-136 [346 533 356 543]
line-137 [1396 749 1410 749]
line-138 [904 700 904 708]
line-139 [900 779 905 779]
line-140 [532 660 538 660]
