line-0 [1151 666 1160 666]
line-1 [804 666 809 666]
line-2 [1484 645 1493 645]
line-3 [624 668 632 668]
line-4 [1160 667 1171 666]
line-5 [867 672 877 672]
line-6 [704 668 712 668]
line-7 [1449 646 1463 646]
line-8 [851 670 862 670]
line-9 [783 669 788 669]
line-10 [857 677 863 677]
line-11 [1354 662 1366 662]
line-12 [1500 652 1517 652]
line-13 [680 668 690 668]
line-14 [1867 624 1873 624]
line-15 [1650 637 1663 637]
line-16 [1321 663 1347 663]
line-17 [897 764 897 756]
line-18 [749 669 756 669]
line-19 [935 676 945 676]
line-20 [931 671 966 671]
line-21 [1273 663 1286 662]
line-22 [756 668 767 668]
line-23 [1435 654 1445 654]
line-24 [464 667 476 667]
line-25 [519 660 529 660]
line-26 [1803 630 1808 630]
line-27 [1578 658 1588 658]
line-28 [1769 630 1774 630]
line-29 [578 663 588 663]
line-30 [492 728 508 749]
line-31 [907 669 913 669]
line-32 [1608 638 1616 638]
line-33 [731 674 736 674]
line-34 [471 657 476 657]
line-35 [695 667 700 667]
line-36 [1178 666 1185 666]
line-37 [834 669 846 669]
line-38 [1701 646 1706 646]
line-39 [1367 662 1373 662]
line-40 [900 726 900 714]
line-41 [593 664 602 664]
line-42 [719 668 730 668]
line-43 [1864 629 1887 629]
line-44 [553 662 559 662]
line-45 [1723 634 1729 634]
line-46 [1664 636 1674 636]
line-47 [1195 666 1200 666]
line-48 [550 666 565 666]
line-49 [825 674 835 674]
line-50 [1438 647 1446 647]
line-51 [1417 668 1423 668]
line-52 [1401 669 1416 669]
line-53 [1533 638 1538 638]
line-54 [1186 665 1194 665]
line-55 [906 756 906 777]
line-56 [539 671 551 671]
line-57 [867 679 875 679]
line-58 [946 677 955 677]
line-59 [1500 655 1516 654]
line-60 [934 790 947 792]
line-61 [1446 654 1451 654]
line-62 [669 667 674 667]
line-63 [1188 675 1196 675]
line-64 [1520 636 1528 636]
line-65 [826 676 835 676]
line-66 [497 669 520 669]
line-67 [556 668 565 668]
line-68 [1570 638 1579 638]
line-69 [521 670 537 670]
line-70 [866 677 881 677]
line-71 [1790 626 1797 626]
line-72 [900 669 905 669]
line-73 [712 667 718 667]
line-74 [967 796 978 797]
line-75 [1416 654 1423 654]
line-76 [721 677 729 677]
line-77 [1245 663 1252 663]
line-78 [1640 625 1646 625]
line-79 [1172 667 1177 667]
line-80 [1540 636 1546 636]
line-81 [1549 637 1554 637]
line-82 [1824 629 1830 629]
line-83 [983 669 990 669]
line-84 [1523 641 1531 641]
line-85 [1881 627 1887 627]
line-86 [1397 657 1402 657]
line-87 [532 663 537 663]
line-88 [342 528 350 539]
line-89 [1716 643 1722 643]
line-90 [1351 670 1359 670]
line-91 [774 669 780 669]
line-92 [1580 640 1588 640]
line-93 [700 675 707 675]
line-94 [560 663 566 663]
line-95 [1464 647 1469 646]
line-96 [628 666 636 666]
line-97 [1479 648 1490 648]
line-98 [1011 668 1016 668]
line-99 [1305 664 1320 664]
line-100 [622 670 627 670]
line-101 [1480 749 1503 749]
line-102 [1415 750 1433 750]
line-103 [635 671 646 671]
line-104 [1292 497 1307 519]
line-105 [923 789 929 789]
line-106 [1704 644 1715 644]
line-107 [880 672 890 672]
line-108 [1157 678 1163 678]
line-109 [901 710 901 704]
line-110 [633 669 642 669]
line-111 [1239 665 1244 665]
line-112 [477 668 496 668]
line-113 [1632 624 1638 624]
line-114 [904 706 904 698]
line-115 [637 667 645 667]
line-116 [1757 636 1762 636]
line-117 [882 677 889 677]
line-118 [795 669 801 669]
line-119 [1507 649 1518 649]
line-120 [1686 645 1694 645]
line-121 [1598 639 1604 639]
line-122 [1692 640 1699 640]
line-123 [1414 649 1424 648]
line-124 [1831 629 1838 629]
line-125 [1855 627 1860 627]
line-126 [643 669 648 669]
line-127 [1202 664 1210 664]
line-128 [486 721 491 728]
line-129 [619 663 625 664]
line-130 [1554 661 1559 661]
line-131 [899 742 899 729]
line-132 [1626 624 1631 624]
line-133 [1483 747 1493 747]
line-134 [1912 629 1918 629]
line-135 [658 666 669 666]
line-136 [692 672 697 672]
line-137 [350 540 355 545]
line-138 [954 794 959 794]
line-139 [1537 664 1542 664]
line-140 [531 660 538 660]
line-141 [1686 659 1692 659]
line-142 [995 669 1006 669]
line-143 [541 662 547 662]
line-144 [1684 647 1699 647]
line-145 [1136 669 1142 669]
line-146 [977 671 983 671]
line-147 [356 547 361 553]
line-148 [734 668 742 668]
line-149 [905 723 905 711]
line-150 [1018 668 1023 668]
