line-0 [1417 668 1422 668]
line-1 [1178 666 1184 666]
line-2 [1352 662 1373 662]
line-3 [1479 648 1489 648]
line-4 [839 669 846 669]
line-5 [1245 663 1257 663]
line-6 [793 669 801 669]
line-7 [1342 668 1355 668]
line-8 [756 668 767 668]
line-9 [652 666 669 666]
line-10 [1562 641 1568 641]
line-11 [949 671 964 671]
line-12 [591 673 611 673]
line-13 [1865 625 1878 624]
line-14 [1609 638 1615 638]
line-15 [1151 666 1160 666]
line-16 [1304 664 1321 664]
line-17 [550 670 556 670]
line-18 [1185 665 1195 665]
line-19 [749 669 756 669]
line-20 [1701 644 1714 644]
line-21 [517 670 537 670]
line-22 [879 677 889 677]
line-23 [712 667 718 667]
line-24 [569 672 590 672]
line-25 [1540 638 1548 638]
line-26 [1848 627 1858 627]
line-27 [719 668 730 668]
line-28 [521 660 529 660]
line-29 [538 671 549 671]
line-30 [1201 664 1210 664]
line-31 [945 677 953 677]
line-32 [1509 649 1518 649]
line-33 [1826 629 1839 629]
line-34 [1880 627 1886 627]
line-35 [629 674 634 674]
line-36 [624 668 631 668]
line-37 [1588 639 1604 639]
line-38 [611 675 628 675]
line-39 [553 662 559 662]
line-40 [561 667 570 667]
line-41 [560 663 566 663]
line-42 [593 664 601 664]
line-43 [1421 654 1439 654]
line-44 [826 676 835 676]
line-45 [897 783 929 787]
line-46 [1399 669 1416 669]
line-47 [867 672 876 672]
line-48 [1499 652 1516 652]
line-49 [1851 629 1857 629]
line-50 [471 657 476 657]
line-51 [1683 647 1700 647]
line-52 [1651 637 1665 637]
line-53 [1266 663 1271 663]
line-54 [935 676 941 676]
line-55 [518 672 537 672]
line-56 [532 663 537 663]
line-57 [543 666 560 666]
line-58 [825 671 831 671]
line-59 [867 677 878 677]
line-60 [931 672 946 671]
line-61 [1093 669 1098 669]
line-62 [692 672 697 672]
line-63 [1136 669 1142 669]
line-64 [1072 678 1077 678]
line-65 [635 671 645 671]
line-66 [700 675 707 675]
line-67 [1468 748 1492 748]
line-68 [465 667 475 667]
line-69 [1396 657 1401 657]
line-70 [1442 654 1450 654]
line-71 [1294 662 1299 662]
line-72 [602 665 608 665]
line-73 [1911 629 1917 629]
line-74 [1667 636 1672 636]
line-75 [901 699 901 694]
line-76 [345 533 354 544]
line-77 [506 660 520 661]
line-78 [917 670 924 670]
line-79 [825 674 835 674]
line-80 [629 666 636 666]
line-81 [1625 624 1633 624]
line-82 [476 668 499 668]
line-83 [490 726 507 746]
line-84 [1123 669 1130 669]
line-85 [899 729 899 724]
line-86 [1558 640 1566 639]
line-87 [851 670 862 670]
line-88 [861 679 874 679]
line-89 [897 758 897 753]
line-90 [1322 663 1347 663]
line-91 [1756 636 1762 636]
line-92 [1282 662 1290 662]
line-93 [579 663 588 663]
line-94 [679 668 690 668]
line-95 [1579 640 1587 640]
line-96 [1519 636 1527 636]
line-97 [1843 622 1849 622]
line-98 [1078 669 1087 669]
line-99 [636 669 646 669]
line-100 [804 666 809 666]
line-101 [1522 641 1535 641]
line-102 [880 672 890 672]
line-103 [727 675 732 675]
line-104 [1778 628 1786 627]
line-105 [900 718 901 708]
line-106 [1768 630 1773 630]
line-107 [1549 637 1554 637]
line-108 [635 673 640 673]
line-109 [1568 638 1578 638]
line-110 [1802 630 1807 630]
line-111 [637 667 644 667]
line-112 [1266 469 1278 483]
line-113 [353 542 359 550]
line-114 [898 748 899 730]
line-115 [1273 663 1281 662]
line-116 [1640 625 1647 625]
line-117 [1162 666 1172 666]
line-118 [1701 636 1706 636]
line-119 [669 667 674 667]
line-120 [1507 654 1515 654]
line-121 [1110 668 1116 668]
line-122 [943 790 948 790]
line-123 [1469 709 1479 709]
line-124 [1399 747 1411 747]
line-125 [904 707 904 713]
line-126 [1688 645 1707 646]
line-127 [1409 656 1417 654]
line-128 [531 660 538 660]
line-129 [899 669 905 669]
line-130 [1340 666 1345 666]
line-131 [1157 678 1162 678]
line-132 [612 673 628 673]
line-133 [1420 748 1425 748]
line-134 [341 527 346 533]
line-135 [1259 460 1265 466]
line-136 [483 717 489 724]
line-137 [1533 665 1541 664]
line-138 [500 669 516 669]
line-139 [1691 640 1698 640]
line-140 [1425 669 1433 669]
line-141 [1392 730 1392 721]
line-142 [937 789 942 789]
line-143 [1715 643 1721 643]
