line-0 [1122 669 1129 669]
line-1 [867 677 880 677]
line-2 [1163 666 1171 666]
line-3 [1110 668 1116 668]
line-4 [1277 662 1286 662]
line-5 [778 669 788 669]
line-6 [900 669 914 669]
line-7 [1649 637 1667 637]
line-8 [718 668 730 668]
line-9 [1324 663 1347 663]
line-10 [1507 652 1517 652]
line-11 [514 670 536 670]
line-12 [867 672 890 672]
line-13 [931 671 966 671]
line-14 [1881 627 1887 627]
line-15 [737 668 747 668]
line-16 [1343 668 1352 668]
line-17 [881 677 890 677]
line-18 [851 670 862 670]
line-19 [1863 629 1888 628]
line-20 [1152 666 1160 666]
line-21 [977 671 983 671]
line-22 [1572 638 1579 638]
line-23 [1902 629 1907 629]
line-24 [1435 654 1446 654]
line-25 [465 667 472 667]
line-26 [1589 639 1599 639]
line-27 [1528 641 1536 641]
line-28 [1488 645 1493 645]
line-29 [1626 624 1632 624]
line-30 [748 669 755 669]
line-31 [1245 663 1256 663]
line-32 [897 763 897 756]
line-33 [678 668 691 668]
line-34 [495 669 513 669]
line-35 [907 678 912 678]
line-36 [1202 664 1210 664]
line-37 [1540 638 1549 638]
line-38 [1395 669 1416 669]
line-39 [1867 624 1872 624]
line-40 [532 660 538 660]
line-41 [1479 646 1484 646]
line-42 [935 676 944 676]
line-43 [1826 629 1840 629]
line-44 [1093 669 1098 669]
line-45 [1072 668 1078 668]
line-46 [1702 644 1717 644]
line-47 [522 660 528 660]
line-48 [995 669 1007 669]
line-49 [899 731 899 725]
line-50 [1195 666 1201 666]
line-51 [473 668 494 668]
line-52 [1579 640 1588 640]
line-53 [1478 648 1490 648]
line-54 [1701 636 1707 636]
line-55 [818 677 824 677]
line-56 [540 662 547 662]
line-57 [727 675 732 675]
line-58 [1187 665 1194 665]
line-59 [1172 667 1179 667]
line-60 [1769 630 1774 630]
line-61 [1305 664 1315 664]
line-62 [1023 669 1028 669]
line-63 [537 671 549 671]
line-64 [794 669 801 669]
line-65 [1045 666 1050 666]
line-66 [840 669 846 669]
line-67 [1079 669 1086 669]
line-68 [499 741 506 749]
line-69 [904 695 904 707]
line-70 [712 667 717 667]
line-71 [809 675 815 675]
line-72 [824 671 833 671]
line-73 [1428 712 1437 712]
line-74 [906 753 906 770]
line-75 [839 677 853 677]
line-76 [1520 636 1526 636]
line-77 [866 679 875 679]
line-78 [1417 668 1423 668]
line-79 [1396 657 1402 657]
line-80 [1061 668 1067 668]
line-81 [1417 654 1427 654]
line-82 [1691 640 1697 640]
line-83 [1848 627 1859 627]
line-84 [1434 669 1439 669]
line-85 [901 710 901 702]
line-86 [857 677 862 677]
line-87 [919 670 924 670]
line-88 [1447 654 1455 654]
line-89 [990 666 995 666]
line-90 [1689 645 1701 645]
line-91 [505 659 512 660]
line-92 [1791 626 1798 626]
line-93 [1387 661 1392 661]
line-94 [1638 625 1644 625]
line-95 [1180 666 1186 666]
line-96 [1354 662 1366 662]
line-97 [945 677 953 677]
line-98 [700 675 708 675]
line-99 [1689 647 1701 647]
line-100 [1532 638 1537 638]
line-101 [1912 629 1917 629]
line-102 [1756 636 1762 636]
line-103 [712 673 718 673]
line-104 [492 733 498 740]
line-105 [1417 712 1423 712]
line-106 [702 668 712 668]
line-107 [788 668 793 668]
line-108 [1528 666 1536 665]
line-109 [894 784 895 775]
line-110 [465 659 470 659]
line-111 [1522 641 1527 641]
line-112 [902 687 902 697]
line-113 [1017 668 1022 668]
line-114 [1087 670 1092 670]
line-115 [543 666 559 666]
line-116 [1844 622 1849 622]
line-117 [1500 652 1506 652]
line-118 [1136 669 1142 669]
line-119 [1592 657 1597 657]
line-120 [754 779 764 779]
line-121 [1443 711 1453 711]
line-122 [1157 678 1163 678]
line-123 [1427 669 1433 669]
line-124 [905 724 905 719]
line-125 [1502 654 1512 654]
line-126 [1600 639 1605 639]
line-127 [755 668 768 668]
line-128 [888 784 893 784]
