line-0 [983 669 989 669]
line-1 [1186 665 1195 665]
line-2 [931 671 964 671]
line-3 [869 677 887 677]
line-4 [680 668 690 668]
line-5 [1863 629 1883 629]
line-6 [1450 646 1455 646]
line-7 [1150 666 1160 666]
line-8 [1435 654 1444 654]
line-9 [1250 663 1257 663]
line-10 [1732 634 1737 634]
line-11 [1485 645 1491 645]
line-12 [517 670 537 670]
line-13 [834 669 846 669]
line-14 [1321 663 1337 663]
line-15 [867 672 877 672]
line-16 [734 668 742 668]
line-17 [1700 636 1706 636]
line-18 [774 669 780 669]
line-19 [1445 654 1455 654]
line-20 [1239 665 1244 665]
line-21 [1653 637 1666 637]
line-22 [1273 662 1282 662]
line-23 [899 669 914 669]
line-24 [712 667 718 667]
line-25 [1304 664 1320 664]
line-26 [755 668 767 668]
line-27 [525 770 535 782]
line-28 [1079 669 1087 669]
line-29 [1540 638 1548 638]
line-30 [1866 624 1878 624]
line-31 [1162 666 1172 666]
line-32 [1508 652 1516 652]
line-33 [353 541 361 551]
line-34 [1527 637 1532 637]
line-35 [465 667 478 667]
line-36 [1479 648 1489 648]
line-37 [657 786 663 786]
line-38 [1509 649 1518 649]
line-39 [1825 629 1837 629]
line-40 [1056 667 1062 667]
line-41 [538 671 547 671]
line-42 [1007 668 1023 668]
line-43 [1597 639 1606 639]
line-44 [1071 668 1078 668]
line-45 [1375 662 1380 661]
line-46 [852 670 862 670]
line-47 [902 693 902 687]
line-48 [1178 666 1185 666]
line-49 [669 667 679 667]
line-50 [1888 630 1893 630]
line-51 [1438 647 1446 647]
line-52 [1695 645 1700 645]
line-53 [674 784 684 784]
line-54 [501 669 516 669]
line-55 [895 779 895 773]
line-56 [1568 638 1575 638]
line-57 [536 783 552 803]
line-58 [1364 664 1371 664]
line-59 [484 716 507 746]
line-60 [1415 654 1420 654]
line-61 [1850 627 1858 627]
line-62 [1425 654 1433 654]
line-63 [945 677 953 677]
line-64 [1137 669 1142 669]
line-65 [899 737 899 725]
line-66 [1455 651 1460 651]
line-67 [1394 669 1413 669]
line-68 [1425 750 1446 750]
line-69 [904 696 904 708]
line-70 [1329 671 1336 671]
line-71 [699 675 707 675]
line-72 [795 669 801 669]
line-73 [827 676 834 676]
line-74 [995 669 1007 669]
line-75 [1396 657 1402 657]
line-76 [816 668 821 668]
line-77 [1520 645 1525 645]
line-78 [1351 663 1360 662]
line-79 [1110 668 1116 668]
line-80 [1471 748 1494 748]
line-81 [1706 644 1712 644]
line-82 [1457 646 1463 646]
line-83 [1789 626 1796 626]
line-84 [749 669 755 669]
line-85 [1880 627 1886 627]
line-86 [825 674 834 674]
line-87 [479 668 500 668]
line-88 [1607 638 1617 637]
line-89 [722 674 727 674]
line-90 [1693 640 1698 640]
line-91 [713 781 726 780]
line-92 [1802 630 1807 630]
line-93 [1519 636 1526 636]
line-94 [1549 637 1555 637]
line-95 [1387 661 1395 661]
line-96 [1266 663 1271 663]
line-97 [1123 669 1130 669]
line-98 [716 677 724 677]
line-99 [1342 670 1359 670]
line-100 [1716 643 1722 643]
line-101 [1844 622 1849 622]
line-102 [1533 638 1538 638]
line-103 [543 666 549 666]
line-104 [1522 641 1531 641]
line-105 [1579 640 1587 640]
line-106 [867 679 875 679]
line-107 [906 770 906 759]
line-108 [1410 712 1418 712]
line-109 [1667 636 1672 636]
line-110 [1361 662 1371 662]
line-111 [1627 624 1638 625]
line-112 [1093 669 1098 669]
line-113 [1640 625 1647 625]
line-114 [905 771 905 783]
line-115 [349 536 354 543]
line-116 [1912 629 1917 629]
line-117 [532 663 537 663]
line-118 [696 782 702 782]
line-119 [727 675 732 675]
line-120 [1457 751 1465 751]
line-121 [1338 663 1347 663]
line-122 [935 676 940 676]
line-123 [1683 647 1700 647]
line-124 [1341 668 1351 668]
line-125 [900 722 900 710]
line-126 [726 677 740 677]
line-127 [1533 665 1541 664]
line-128 [881 672 890 672]
line-129 [1157 678 1163 678]
line-130 [703 668 712 668]
line-131 [1283 662 1290 662]
line-132 [1414 669 1422 668]
line-133 [977 671 983 671]
line-134 [692 672 697 672]
line-135 [1502 652 1507 652]
line-136 [889 782 894 782]
line-137 [340 522 348 535]
line-138 [1410 749 1424 749]
line-139 [1202 664 1210 664]
line-140 [804 666 812 666]
line-141 [719 668 730 668]
line-142 [1423 669 1430 669]
line-143 [1456 710 1466 710]
line-144 [896 772 896 765]
