line-0 [995 669 1007 669]
line-1 [931 671 964 671]
line-2 [1244 664 1256 663]
line-3 [718 668 730 668]
line-4 [1522 641 1535 641]
line-5 [906 678 912 678]
line-6 [1324 671 1330 671]
line-7 [1179 666 1185 666]
line-8 [1308 664 1318 664]
line-9 [769 668 774 668]
line-10 [1162 666 1171 666]
line-11 [1417 648 1424 648]
line-12 [871 677 892 676]
line-13 [1238 665 1244 665]
line-14 [699 675 708 675]
line-15 [1401 669 1417 669]
line-16 [476 668 496 668]
line-17 [1880 627 1886 627]
line-18 [1722 634 1727 634]
line-19 [851 670 862 670]
line-20 [1432 654 1447 654]
line-21 [1649 637 1669 637]
line-22 [880 672 890 672]
line-23 [1812 630 1818 630]
line-24 [657 785 663 785]
line-25 [1056 667 1062 667]
line-26 [1349 662 1372 662]
line-27 [834 669 845 669]
line-28 [896 767 896 761]
line-29 [1539 636 1545 636]
line-30 [497 669 516 669]
line-31 [334 519 342 530]
line-32 [688 674 695 674]
line-33 [523 770 530 779]
line-34 [1195 666 1200 666]
line-35 [1509 654 1516 654]
line-36 [1568 638 1576 638]
line-37 [1540 638 1548 638]
line-38 [649 786 656 786]
line-39 [897 760 897 755]
line-40 [1588 639 1593 639]
line-41 [736 778 743 778]
line-42 [1688 645 1700 645]
line-43 [1157 678 1162 678]
line-44 [1820 630 1837 629]
line-45 [1789 626 1796 626]
line-46 [1862 629 1885 629]
line-47 [1558 661 1568 660]
line-48 [1123 669 1129 669]
line-49 [900 669 914 669]
line-50 [712 667 717 667]
line-51 [1768 630 1773 630]
line-52 [1362 665 1371 664]
line-53 [1479 648 1490 648]
line-54 [466 667 475 667]
line-55 [1506 652 1516 652]
line-56 [679 668 691 668]
line-57 [704 677 710 677]
line-58 [826 676 835 676]
line-59 [1346 670 1356 670]
line-60 [506 660 512 660]
line-61 [1640 625 1645 625]
line-62 [1594 639 1601 639]
line-63 [1756 636 1761 636]
line-64 [895 778 895 773]
line-65 [658 666 669 666]
line-66 [489 726 506 747]
line-67 [755 668 766 668]
line-68 [1320 663 1347 663]
line-69 [1273 662 1285 662]
line-70 [1467 748 1486 748]
line-71 [1577 658 1582 658]
line-72 [977 671 982 671]
line-73 [825 674 835 674]
line-74 [748 669 755 669]
line-75 [897 753 898 738]
line-76 [1485 645 1492 645]
line-77 [904 698 904 718]
line-78 [1110 668 1116 668]
line-79 [1151 666 1156 666]
line-80 [643 787 648 787]
line-81 [1079 669 1086 669]
line-82 [935 676 945 676]
line-83 [1479 646 1484 646]
line-84 [716 780 722 780]
line-85 [1415 654 1423 654]
line-86 [481 717 491 729]
line-87 [1701 646 1707 646]
line-88 [1469 746 1483 746]
line-89 [1315 671 1323 671]
line-90 [744 777 751 777]
line-91 [691 672 696 672]
line-92 [1579 640 1587 640]
line-93 [912 674 917 674]
line-94 [1172 667 1178 667]
line-95 [1691 640 1698 640]
line-96 [1866 624 1878 624]
line-97 [1852 627 1858 627]
line-98 [1011 668 1022 668]
line-99 [1087 670 1092 670]
line-100 [1448 654 1453 654]
line-101 [711 677 729 677]
line-102 [794 669 801 669]
line-103 [1186 665 1194 665]
line-104 [867 679 874 679]
line-105 [1396 749 1406 749]
line-106 [727 675 732 675]
line-107 [1391 661 1399 661]
line-108 [517 670 531 670]
line-109 [1685 659 1690 659]
line-110 [738 668 747 668]
line-111 [1201 664 1210 664]
line-112 [1683 647 1697 647]
line-113 [1628 624 1637 624]
line-114 [899 736 899 724]
line-115 [538 789 545 797]
line-116 [1456 646 1463 646]
line-117 [1500 652 1505 652]
line-118 [919 670 924 670]
line-119 [668 784 674 784]
line-120 [1427 750 1434 750]
line-121 [1093 669 1098 669]
line-122 [1701 636 1706 636]
line-123 [1801 630 1807 630]
line-124 [1607 638 1615 638]
line-125 [1502 654 1508 654]
line-126 [1701 644 1715 644]
line-127 [905 768 905 781]
line-128 [349 541 357 550]
line-129 [1482 708 1490 708]
line-130 [703 668 712 668]
line-131 [532 781 540 790]
line-132 [906 752 906 767]
line-133 [1423 669 1434 669]
