line-0 [1356 662 1373 662]
line-1 [1350 663 1355 663]
line-2 [1403 669 1419 669]
line-3 [1007 668 1016 668]
line-4 [794 669 801 669]
line-5 [1331 671 1347 671]
line-6 [1417 654 1430 654]
line-7 [857 677 862 677]
line-8 [1502 652 1517 652]
line-9 [1579 658 1589 658]
line-10 [825 671 833 671]
line-11 [712 667 718 667]
line-12 [931 671 963 671]
line-13 [635 671 646 671]
line-14 [1590 639 1606 639]
line-15 [579 663 601 664]
line-16 [475 668 493 668]
line-17 [1580 640 1589 640]
line-18 [890 676 896 676]
line-19 [970 797 981 798]
line-20 [680 668 691 668]
line-21 [701 675 708 675]
line-22 [1483 648 1491 648]
line-23 [1692 647 1703 647]
line-24 [465 667 474 667]
line-25 [1864 629 1884 629]
line-26 [1869 624 1880 624]
line-27 [454 655 459 655]
line-28 [1831 629 1840 629]
line-29 [550 670 555 670]
line-30 [1650 637 1664 637]
line-31 [1294 662 1299 662]
line-32 [900 669 914 669]
line-33 [1187 665 1194 665]
line-34 [515 670 537 670]
line-35 [658 666 668 666]
line-36 [1443 654 1456 654]
line-37 [559 667 569 667]
line-38 [867 677 888 677]
line-39 [906 752 906 785]
line-40 [852 670 862 670]
line-41 [880 672 890 672]
line-42 [884 784 894 785]
line-43 [538 671 549 671]
line-44 [541 662 547 662]
line-45 [902 698 902 689]
line-46 [1851 627 1860 627]
line-47 [718 677 728 677]
line-48 [1279 662 1286 662]
line-49 [1158 678 1163 678]
line-50 [1387 661 1399 661]
line-51 [748 669 756 669]
line-52 [940 792 950 793]
line-53 [936 676 945 676]
line-54 [1304 664 1328 664]
line-55 [1329 663 1347 663]
line-56 [634 669 647 669]
line-57 [1541 638 1546 638]
line-58 [1436 669 1441 669]
line-59 [704 677 717 677]
line-60 [1245 663 1254 663]
line-61 [757 668 762 668]
line-62 [628 666 635 666]
line-63 [1636 625 1647 625]
line-64 [1695 645 1703 645]
line-65 [919 670 925 670]
line-66 [737 668 747 668]
line-67 [1181 666 1186 666]
line-68 [1530 641 1537 641]
line-69 [1822 630 1827 630]
line-70 [1431 655 1436 655]
line-71 [977 671 983 671]
line-72 [1665 637 1671 637]
line-73 [841 669 846 669]
line-74 [1347 668 1355 668]
line-75 [1769 630 1775 629]
line-76 [904 689 904 702]
line-77 [895 783 896 768]
line-78 [1547 638 1552 638]
line-79 [1913 629 1918 629]
line-80 [1520 636 1527 636]
line-81 [492 732 507 750]
line-82 [1704 644 1720 644]
line-83 [548 663 553 663]
line-84 [905 737 905 708]
line-85 [1163 666 1171 666]
line-86 [560 663 566 663]
line-87 [1802 630 1808 630]
line-88 [546 666 558 666]
line-89 [619 663 624 663]
line-90 [1465 751 1480 751]
line-91 [471 657 476 657]
line-92 [1441 752 1456 752]
line-93 [1881 627 1888 627]
line-94 [931 677 936 677]
line-95 [1791 626 1797 626]
line-96 [1757 636 1763 636]
line-97 [951 794 956 794]
line-98 [826 676 833 676]
line-99 [826 674 832 674]
line-100 [783 669 788 669]
line-101 [901 705 901 699]
line-102 [543 668 549 668]
line-103 [1479 646 1487 646]
line-104 [788 668 793 668]
line-105 [498 669 514 669]
line-106 [636 667 646 667]
line-107 [1195 666 1201 666]
line-108 [920 789 931 790]
line-109 [1432 750 1441 750]
line-110 [946 677 954 677]
line-111 [1314 527 1320 536]
line-112 [1509 649 1520 649]
line-113 [1023 669 1028 669]
line-114 [867 673 878 672]
line-115 [995 669 1007 669]
line-116 [1340 669 1346 669]
line-117 [1626 624 1635 624]
line-118 [1568 660 1578 659]
line-119 [602 665 608 665]
line-120 [1172 667 1180 667]
line-121 [719 668 730 668]
line-122 [1612 638 1617 638]
line-123 [1203 664 1210 664]
line-124 [1412 751 1431 751]
line-125 [703 668 712 668]
line-126 [1687 659 1692 659]
line-127 [1420 713 1429 713]
line-128 [1397 657 1402 657]
line-129 [648 667 653 667]
line-130 [1429 669 1435 669]
line-131 [868 679 874 679]
line-132 [900 720 900 712]
line-133 [968 669 976 669]
line-134 [1235 666 1240 666]
line-135 [465 659 470 659]
line-136 [907 678 912 678]
line-137 [554 662 559 662]
