line-0 [73 1075 126 1075]
line-1 [134 1084 170 1084]
line-2 [269 1087 295 1087]
line-3 [957 1007 962 1007]
line-4 [319 808 324 808]
line-5 [369 806 378 806]
line-6 [898 1014 903 1014]
line-7 [292 1079 309 1079]
line-8 [968 1006 975 1006]
line-9 [1040 1001 1045 1001]
line-10 [105 1062 151 1062]
line-11 [204 811 212 811]
line-12 [506 1107 527 1099]
line-13 [345 1066 363 1066]
line-14 [629 795 638 795]
line-15 [47 1068 86 1068]
line-16 [13 1074 27 1074]
line-17 [291 810 301 810]
line-18 [333 1073 357 1073]
line-19 [925 1011 930 1011]
line-20 [597 1073 626 1063]
line-21 [728 1033 757 1026]
line-22 [676 1047 682 1045]
line-23 [335 1080 348 1080]
line-24 [140 1076 162 1076]
line-25 [1061 1004 1066 1004]
line-26 [84 1083 122 1083]
line-27 [231 809 236 809]
line-28 [171 1085 219 1085]
line-29 [163 1076 184 1076]
line-30 [346 808 352 808]
line-31 [992 1009 998 1009]
line-32 [7 1074 12 1074]
line-33 [220 1086 268 1086]
line-34 [5 820 11 820]
line-35 [411 806 417 806]
line-36 [353 807 364 807]
line-37 [18 1082 69 1082]
line-38 [40 1074 54 1074]
line-39 [185 1077 232 1077]
line-40 [57 824 65 824]
line-41 [339 1089 347 1089]
line-42 [54 1061 104 1061]
line-43 [1033 1001 1039 1001]
line-44 [550 1090 565 1085]
line-45 [188 811 195 811]
line-46 [118 1069 172 1069]
line-47 [634 799 642 799]
line-48 [460 808 494 808]
line-49 [1051 1000 1066 1000]
line-50 [640 1058 654 1054]
line-51 [160 812 166 812]
line-52 [233 1078 291 1078]
line-53 [301 1088 309 1088]
line-54 [349 1081 356 1081]
line-55 [37 818 45 818]
line-56 [335 808 342 808]
line-57 [99 1068 113 1068]
line-58 [859 1005 874 1005]
line-59 [66 818 71 818]
line-60 [794 807 803 807]
line-61 [947 1008 953 1008]
line-62 [561 926 571 922]
line-63 [1001 1008 1007 1008]
line-64 [1006 819 1018 819]
line-65 [1023 823 1038 823]
line-66 [699 1040 707 1038]
line-67 [100 815 106 815]
line-68 [28 1074 39 1074]
line-69 [258 811 268 811]
line-70 [400 808 408 808]
line-71 [160 1062 192 1062]
line-72 [523 950 530 945]
line-73 [223 809 228 809]
line-74 [1002 1003 1009 1003]
line-75 [552 931 559 927]
line-76 [22 819 31 819]
line-77 [1018 1004 1030 1004]
line-78 [668 1049 673 1048]
line-79 [240 809 250 809]
line-80 [15 818 21 818]
line-81 [173 1070 183 1070]
line-82 [594 913 607 910]
line-83 [567 1084 578 1080]
line-84 [988 1004 994 1004]
line-85 [11 823 20 823]
line-86 [916 1012 921 1012]
line-87 [623 794 628 794]
line-88 [485 1118 492 1114]
line-89 [576 920 584 917]
line-90 [306 810 313 810]
line-91 [819 806 830 806]
line-92 [310 1088 334 1088]
line-93 [803 808 809 808]
line-94 [171 812 179 812]
line-95 [931 1010 946 1009]
line-96 [781 1020 786 1019]
line-97 [94 816 99 816]
line-98 [0 1081 17 1081]
line-99 [687 1044 693 1042]
