line-0 [0 1074 39 1074]
line-1 [114 1084 152 1084]
line-2 [572 1082 578 1080]
line-3 [87 1062 183 1062]
line-4 [308 1080 336 1080]
line-5 [609 1069 618 1066]
line-6 [267 1087 281 1087]
line-7 [896 1014 902 1014]
line-8 [930 1010 935 1010]
line-9 [333 1073 350 1073]
line-10 [706 1038 740 1030]
line-11 [233 1078 286 1078]
line-12 [173 1077 224 1077]
line-13 [330 1089 340 1089]
line-14 [303 1088 311 1088]
line-15 [54 1083 81 1083]
line-16 [1055 999 1061 999]
line-17 [351 1074 359 1074]
line-18 [203 1086 264 1086]
line-19 [81 815 93 815]
line-20 [494 1112 512 1105]
line-21 [50 1075 128 1075]
line-22 [555 1088 568 1084]
line-23 [83 1083 93 1083]
line-24 [1045 1000 1054 1000]
line-25 [348 1066 362 1066]
line-26 [134 1076 152 1076]
line-27 [699 1040 704 1039]
line-28 [160 1085 202 1085]
line-29 [522 1098 531 1095]
line-30 [976 1005 985 1005]
line-31 [522 951 544 935]
line-32 [955 1007 966 1007]
line-33 [544 1092 549 1090]
line-34 [160 1070 183 1070]
line-35 [115 1069 151 1069]
line-36 [56 1068 88 1068]
line-37 [763 1024 768 1023]
line-38 [999 1003 1010 1003]
line-39 [1000 1008 1012 1007]
line-40 [33 818 43 818]
line-41 [742 809 755 809]
line-42 [11 1082 53 1082]
line-43 [858 1005 872 1005]
line-44 [640 1058 647 1056]
line-45 [54 1061 85 1061]
line-46 [793 807 802 807]
line-47 [98 1083 108 1083]
line-48 [176 812 181 812]
line-49 [67 818 72 818]
line-50 [775 807 781 807]
line-51 [312 1088 329 1088]
line-52 [535 1096 540 1094]
line-53 [914 1012 924 1011]
line-54 [764 811 770 811]
line-55 [688 1043 693 1042]
line-56 [188 808 198 789]
line-57 [346 1081 364 1081]
line-58 [21 819 32 819]
line-59 [986 1004 998 1004]
line-60 [342 1089 350 1089]
line-61 [750 812 760 812]
line-62 [482 1119 490 1115]
line-63 [807 808 816 808]
line-64 [89 1069 112 1069]
line-65 [642 800 647 800]
line-66 [289 1079 303 1079]
line-67 [773 1022 778 1021]
line-68 [910 819 917 819]
line-69 [634 799 641 799]
line-70 [1022 1004 1031 1004]
line-71 [52 824 67 824]
line-72 [4 820 12 820]
line-73 [167 1077 172 1077]
line-74 [750 814 763 814]
line-75 [544 936 551 931]
line-76 [1067 999 1074 999]
line-77 [335 1067 344 1066]
