line-0 [15 1074 47 1074]
line-1 [276 810 287 810]
line-2 [439 806 452 806]
line-3 [361 808 368 808]
line-4 [577 1080 586 1077]
line-5 [351 1090 358 1090]
line-6 [104 1084 134 1084]
line-7 [308 1080 326 1080]
line-8 [746 1028 761 1025]
line-9 [97 1062 153 1062]
line-10 [1032 1001 1042 1001]
line-11 [457 808 478 808]
line-12 [260 1087 283 1087]
line-13 [11 1082 43 1082]
line-14 [343 1074 369 1074]
line-15 [742 809 755 809]
line-16 [332 808 341 808]
line-17 [243 810 252 810]
line-18 [999 1003 1007 1003]
line-19 [48 1075 115 1075]
line-20 [649 1055 673 1048]
line-21 [508 1106 519 1102]
line-22 [799 1016 806 1015]
line-23 [0 1074 13 1074]
line-24 [946 1008 952 1008]
line-25 [320 1089 326 1089]
line-26 [281 1079 306 1079]
line-27 [761 811 771 811]
line-28 [134 1069 142 1069]
line-29 [46 1068 76 1068]
line-30 [138 1084 160 1084]
line-31 [199 1086 259 1086]
line-32 [215 1078 280 1078]
line-33 [289 810 294 810]
line-34 [176 812 182 812]
line-35 [602 1071 610 1069]
line-36 [616 802 621 802]
line-37 [975 1005 987 1005]
line-38 [343 1081 361 1081]
line-39 [726 1033 737 1031]
line-40 [24 819 32 819]
line-41 [149 1070 177 1070]
line-42 [327 1089 350 1089]
line-43 [411 806 421 806]
line-44 [77 1068 88 1068]
line-45 [44 1083 103 1083]
line-46 [116 1076 167 1076]
line-47 [66 1061 75 1061]
line-48 [321 808 329 808]
line-49 [919 1012 929 1011]
line-50 [399 808 409 808]
line-51 [235 810 241 810]
line-52 [1000 1008 1012 1007]
line-53 [182 1077 192 1077]
line-54 [183 811 192 811]
line-55 [541 1093 548 1091]
line-56 [479 809 492 809]
line-57 [522 1098 531 1095]
line-58 [807 808 817 808]
line-59 [305 810 314 810]
line-60 [793 807 802 807]
line-61 [161 1085 198 1085]
line-62 [285 1088 314 1088]
line-63 [829 1010 841 1008]
line-64 [97 1069 133 1069]
line-65 [154 1062 167 1062]
line-66 [483 1118 488 1116]
line-67 [559 1087 565 1085]
line-68 [33 818 46 818]
line-69 [611 1068 618 1066]
line-70 [1022 1004 1031 1004]
line-71 [336 1066 362 1066]
line-72 [992 1009 999 1009]
line-73 [1069 999 1079 999]
line-74 [168 1063 192 1063]
line-75 [709 1037 716 1036]
line-76 [776 807 781 807]
line-77 [938 1009 945 1009]
line-78 [194 811 205 811]
line-79 [750 812 760 812]
line-80 [193 1077 214 1077]
line-81 [749 814 764 814]
line-82 [355 807 360 807]
line-83 [641 800 646 800]
line-84 [347 808 354 808]
line-85 [81 815 93 815]
line-86 [52 1062 57 1062]
line-87 [382 808 388 808]
line-88 [93 816 101 816]
line-89 [685 1044 690 1043]
line-90 [1074 1003 1079 1003]
line-91 [634 799 640 799]
line-92 [1044 1000 1068 1000]
line-93 [523 1100 537 1095]
line-94 [424 808 429 808]
line-95 [988 1004 996 1004]
line-96 [226 810 231 810]
line-97 [675 799 680 799]
line-98 [489 1115 498 1111]
line-99 [265 811 270 811]
