line-0 [10 1074 51 1074]
line-1 [129 1084 162 1084]
line-2 [459 808 486 808]
line-3 [446 806 454 806]
line-4 [163 1085 208 1085]
line-5 [244 1078 272 1078]
line-6 [102 1062 188 1062]
line-7 [52 1075 131 1075]
line-8 [967 1006 974 1006]
line-9 [310 1080 326 1080]
line-10 [718 1035 733 1032]
line-11 [32 1082 50 1082]
line-12 [332 808 342 808]
line-13 [930 1010 944 1009]
line-14 [534 1096 540 1094]
line-15 [299 1079 309 1079]
line-16 [333 1073 356 1073]
line-17 [411 806 422 806]
line-18 [588 1076 606 1070]
line-19 [662 1051 670 1049]
line-20 [5 820 11 820]
line-21 [198 811 212 811]
line-22 [118 1069 136 1069]
line-23 [320 808 325 808]
line-24 [292 1088 302 1088]
line-25 [209 1086 266 1086]
line-26 [47 1068 106 1068]
line-27 [306 810 313 810]
line-28 [173 1077 225 1077]
line-29 [1044 1000 1050 1000]
line-30 [88 815 94 815]
line-31 [60 1083 119 1083]
line-32 [54 1061 96 1061]
line-33 [187 811 196 811]
line-34 [253 811 267 811]
line-35 [681 1045 686 1044]
line-36 [991 1009 997 1009]
line-37 [434 807 439 807]
line-38 [621 1065 636 1060]
line-39 [1018 1004 1030 1004]
line-40 [975 1005 983 1005]
line-41 [504 1108 512 1105]
line-42 [1067 820 1073 820]
line-43 [52 824 68 824]
line-44 [546 1091 560 1087]
line-45 [32 818 45 818]
line-46 [169 1070 183 1070]
line-47 [956 1007 966 1007]
line-48 [0 1081 11 1081]
line-49 [698 1040 704 1039]
line-50 [523 950 533 943]
line-51 [1066 999 1079 999]
line-52 [754 812 761 812]
line-53 [132 1076 144 1076]
line-54 [536 940 559 927]
line-55 [335 1066 363 1066]
line-56 [794 807 802 807]
line-57 [1060 819 1066 819]
line-58 [289 1079 298 1079]
line-59 [1039 1004 1046 1004]
line-60 [176 812 181 812]
line-61 [354 807 362 807]
line-62 [488 1116 498 1110]
line-63 [915 1012 920 1012]
line-64 [524 1097 531 1095]
line-65 [241 809 248 809]
line-66 [634 799 642 799]
line-67 [782 1020 788 1019]
line-68 [879 811 887 811]
line-69 [997 1003 1010 1003]
line-70 [267 1087 289 1087]
line-71 [565 924 582 918]
line-72 [331 1089 355 1089]
line-73 [921 1011 929 1011]
line-74 [691 1042 697 1041]
line-75 [762 811 770 811]
line-76 [311 1088 317 1088]
line-77 [137 1069 161 1069]
line-78 [356 1081 362 1081]
line-79 [775 807 780 807]
line-80 [107 1069 112 1069]
line-81 [154 1076 172 1076]
line-82 [363 808 368 808]
line-83 [80 815 86 815]
line-84 [94 816 100 816]
line-85 [399 808 409 808]
line-86 [587 916 592 914]
line-87 [811 808 817 808]
line-88 [21 819 31 819]
line-89 [15 818 20 818]
line-90 [1002 1006 1007 1006]
line-91 [1000 1008 1007 1008]
line-92 [607 1070 615 1067]
line-93 [865 1005 874 1005]
line-94 [369 806 374 806]
