line-0 [259 1078 298 1078]
line-1 [91 1083 130 1083]
line-2 [131 1062 174 1062]
line-3 [444 805 451 805]
line-4 [99 815 106 815]
line-5 [234 809 251 809]
line-6 [120 1069 153 1069]
line-7 [274 1087 307 1087]
line-8 [252 810 258 810]
line-9 [46 1068 119 1068]
line-10 [461 808 494 808]
line-11 [66 1074 84 1074]
line-12 [556 1088 576 1081]
line-13 [85 814 93 814]
line-14 [585 1077 613 1068]
line-15 [1031 1001 1041 1001]
line-16 [692 1042 705 1039]
line-17 [212 1085 220 1085]
line-18 [259 811 266 811]
line-19 [155 1069 185 1069]
line-20 [313 809 320 809]
line-21 [931 1010 936 1010]
line-22 [855 1006 867 1005]
line-23 [174 1076 189 1076]
line-24 [835 806 840 806]
line-25 [44 1082 62 1082]
line-26 [37 818 45 818]
line-27 [190 1077 223 1077]
line-28 [530 944 558 927]
line-29 [141 1084 151 1084]
line-30 [324 807 329 807]
line-31 [337 808 352 808]
line-32 [85 1075 128 1075]
line-33 [299 1079 307 1079]
line-34 [292 810 301 810]
line-35 [345 1089 352 1089]
line-36 [941 1009 947 1009]
line-37 [1073 999 1079 999]
line-38 [339 1073 363 1073]
line-39 [1061 1004 1066 1004]
line-40 [53 1061 130 1061]
line-41 [790 1018 798 1017]
line-42 [799 1017 818 1013]
line-43 [906 1013 913 1013]
line-44 [769 1023 775 1022]
line-45 [967 1006 974 1006]
line-46 [369 806 378 806]
line-47 [233 1086 273 1086]
line-48 [360 807 365 807]
line-49 [177 1085 184 1085]
line-50 [1020 1004 1028 1004]
line-51 [171 812 180 812]
line-52 [313 1088 344 1088]
line-53 [21 1074 49 1074]
line-54 [160 1076 173 1076]
line-55 [636 799 644 799]
line-56 [980 1005 996 1004]
line-57 [675 1047 691 1043]
line-58 [752 1027 762 1025]
line-59 [738 1030 743 1029]
line-60 [495 1112 503 1109]
line-61 [321 1080 359 1080]
line-62 [360 1066 370 1066]
line-63 [820 806 829 806]
line-64 [205 811 212 811]
line-65 [15 818 22 818]
line-66 [482 1119 493 1114]
line-67 [188 811 195 811]
line-68 [0 1081 17 1081]
line-69 [35 1082 43 1082]
line-70 [401 808 406 808]
line-71 [185 1085 202 1085]
line-72 [775 807 780 807]
line-73 [614 1067 622 1065]
line-74 [995 1009 1000 1009]
line-75 [623 794 628 794]
line-76 [504 1108 512 1105]
line-77 [951 1008 956 1008]
line-78 [760 810 765 810]
line-79 [343 1066 351 1066]
line-80 [152 1084 176 1084]
line-81 [559 927 573 921]
line-82 [459 1115 465 1114]
line-83 [1001 1008 1012 1007]
line-84 [640 1058 645 1057]
line-85 [63 1082 70 1082]
line-86 [310 1079 318 1079]
line-87 [634 795 639 795]
line-88 [688 796 693 796]
line-89 [891 1015 897 1015]
line-90 [75 1082 90 1083]
line-91 [1005 1003 1012 1003]
line-92 [957 1007 966 1007]
line-93 [1046 1000 1067 1000]
line-94 [281 809 286 809]
line-95 [12 823 21 823]
line-96 [391 805 397 805]
line-97 [547 1091 552 1090]
line-98 [575 920 581 918]
line-99 [243 1077 258 1077]
line-100 [22 1082 34 1082]
line-101 [219 808 224 808]
line-102 [137 1075 147 1075]
