line-0 [0 1074 20 1074]
line-1 [149 1070 184 1070]
line-2 [216 1086 259 1086]
line-3 [227 810 251 810]
line-4 [53 1062 161 1062]
line-5 [275 810 293 810]
line-6 [250 1078 279 1078]
line-7 [1055 820 1069 820]
line-8 [160 1077 198 1077]
line-9 [808 808 814 808]
line-10 [611 1068 624 1064]
line-11 [754 809 759 809]
line-12 [775 1021 782 1020]
line-13 [103 1084 127 1084]
line-14 [209 1086 215 1086]
line-15 [36 1083 90 1083]
line-16 [921 1011 926 1011]
line-17 [547 1091 553 1089]
line-18 [896 1014 902 1014]
line-19 [54 1075 72 1075]
line-20 [83 815 93 815]
line-21 [279 1088 314 1088]
line-22 [25 819 32 819]
line-23 [734 1031 740 1030]
line-24 [889 1015 895 1015]
line-25 [342 809 347 809]
line-26 [760 811 771 811]
line-27 [508 1106 516 1103]
line-28 [214 1078 221 1078]
line-29 [110 1076 159 1076]
line-30 [750 812 759 812]
line-31 [1022 1004 1031 1004]
line-32 [966 1006 985 1005]
line-33 [85 1069 137 1069]
line-34 [382 808 389 808]
line-35 [81 823 89 823]
line-36 [722 1034 731 1032]
line-37 [691 1042 696 1041]
line-38 [641 800 646 800]
line-39 [582 1078 598 1073]
line-40 [956 1007 965 1007]
line-41 [205 812 211 812]
line-42 [228 1078 246 1078]
line-43 [462 809 493 809]
line-44 [195 811 204 811]
line-45 [355 807 360 807]
line-46 [424 808 431 808]
line-47 [671 1048 682 1045]
line-48 [557 929 566 924]
line-49 [301 810 310 810]
line-50 [548 934 556 929]
line-51 [166 1063 192 1063]
line-52 [521 952 529 946]
line-53 [333 1081 355 1081]
line-54 [776 807 782 807]
line-55 [171 813 177 813]
line-56 [187 1086 201 1086]
line-57 [877 812 886 812]
line-58 [48 1068 70 1068]
line-59 [412 806 421 806]
line-60 [332 808 341 808]
line-61 [687 797 694 797]
line-62 [793 807 803 808]
line-63 [73 1075 102 1075]
line-64 [336 1066 352 1066]
line-65 [993 1009 999 1009]
line-66 [333 1073 345 1073]
line-67 [331 1089 349 1089]
line-68 [303 1080 323 1080]
line-69 [350 1074 364 1074]
line-70 [652 1054 658 1052]
line-71 [524 1097 531 1095]
line-72 [446 806 452 806]
line-73 [484 1117 498 1111]
line-74 [554 1089 560 1086]
line-75 [998 1003 1009 1003]
line-76 [93 816 102 816]
line-77 [531 1097 537 1095]
line-78 [163 1085 181 1085]
line-79 [574 921 586 917]
line-80 [260 812 265 812]
line-81 [280 1079 302 1079]
line-82 [1039 1004 1047 1004]
line-83 [1007 1007 1012 1007]
line-84 [903 1013 920 1012]
line-85 [10 1082 35 1082]
line-86 [530 945 548 933]
line-87 [294 811 300 811]
line-88 [756 1026 762 1024]
line-89 [635 796 640 796]
line-90 [930 815 937 815]
line-91 [13 819 22 819]
line-92 [129 1084 137 1084]
line-93 [21 1075 32 1075]
line-94 [642 1057 649 1055]
line-95 [1054 999 1079 999]
line-96 [359 1067 373 1067]
line-97 [268 1087 276 1087]
line-98 [138 1084 147 1084]
line-99 [11 824 21 824]
line-100 [930 1010 936 1010]
line-101 [323 808 329 808]
line-102 [183 811 191 811]
line-103 [202 1077 213 1077]
line-104 [908 819 917 819]
line-105 [671 800 676 800]
line-106 [154 815 159 815]
line-107 [946 1008 955 1008]
