line-0 [201 1086 248 1086]
line-1 [46 1075 84 1075]
line-2 [56 1061 61 1061]
line-3 [62 1062 168 1062]
line-4 [141 1070 185 1070]
line-5 [361 808 366 808]
line-6 [275 810 289 810]
line-7 [462 809 494 809]
line-8 [966 1006 985 1005]
line-9 [85 1075 115 1075]
line-10 [226 810 251 810]
line-11 [10 1082 44 1082]
line-12 [305 1080 342 1080]
line-13 [1039 1004 1047 1004]
line-14 [1036 1001 1044 1001]
line-15 [215 1078 283 1078]
line-16 [696 1041 701 1040]
line-17 [662 1051 682 1045]
line-18 [324 1089 349 1089]
line-19 [260 812 266 812]
line-20 [91 1069 105 1069]
line-21 [157 1085 173 1085]
line-22 [161 1077 214 1077]
line-23 [909 819 917 819]
line-24 [809 808 814 808]
line-25 [623 1064 641 1058]
line-26 [504 1108 517 1103]
line-27 [0 1074 23 1074]
line-28 [252 811 259 811]
line-29 [347 808 354 808]
line-30 [107 1084 156 1084]
line-31 [355 807 360 807]
line-32 [45 1083 106 1083]
line-33 [97 816 102 816]
line-34 [939 1009 963 1007]
line-35 [279 1088 319 1088]
line-36 [431 807 436 807]
line-37 [757 1026 788 1019]
line-38 [593 1074 607 1070]
line-39 [295 811 300 811]
line-40 [986 1004 995 1004]
line-41 [160 813 166 813]
line-42 [561 1086 567 1084]
line-43 [548 934 553 931]
line-44 [197 811 204 811]
line-45 [301 810 308 810]
line-46 [635 796 640 796]
line-47 [48 1068 86 1068]
line-48 [445 806 452 806]
line-49 [1061 999 1078 999]
line-50 [413 806 421 806]
line-51 [424 808 430 808]
line-52 [897 1014 904 1014]
line-53 [803 809 808 809]
line-54 [53 819 62 819]
line-55 [577 1080 586 1077]
line-56 [490 1115 499 1110]
line-57 [522 952 527 948]
line-58 [106 1069 140 1069]
line-59 [310 826 327 826]
line-60 [830 806 835 806]
line-61 [345 1074 366 1074]
line-62 [116 1076 159 1076]
line-63 [169 1063 192 1063]
line-64 [55 824 73 824]
line-65 [332 808 340 808]
line-66 [343 1081 363 1081]
line-67 [525 949 548 933]
line-68 [354 1067 373 1067]
line-69 [793 807 798 807]
line-70 [636 800 646 800]
line-71 [723 1034 728 1033]
line-72 [33 818 38 818]
line-73 [341 809 346 809]
line-74 [917 818 925 818]
line-75 [65 819 74 819]
line-76 [752 809 760 809]
line-77 [742 809 749 809]
line-78 [1003 1008 1012 1007]
line-79 [818 807 825 807]
line-80 [25 819 32 819]
line-81 [878 812 886 812]
line-82 [11 824 22 824]
line-83 [997 1003 1012 1003]
line-84 [761 811 768 811]
line-85 [336 1066 353 1066]
line-86 [522 1098 531 1095]
line-87 [205 812 212 812]
line-88 [930 815 937 815]
line-89 [671 800 676 800]
line-90 [174 1085 186 1085]
line-91 [907 1013 919 1012]
line-92 [706 1038 722 1034]
line-93 [322 808 329 808]
line-94 [533 1096 540 1094]
line-95 [859 1005 871 1005]
line-96 [83 815 94 815]
line-97 [352 1090 360 1089]
line-98 [993 1009 999 1009]
line-99 [399 808 411 808]
line-100 [289 1079 304 1079]
