line-0 [173 1077 213 1077]
line-1 [399 808 411 808]
line-2 [356 807 361 807]
line-3 [214 1086 259 1086]
line-4 [446 806 452 806]
line-5 [346 1074 369 1074]
line-6 [245 1078 273 1078]
line-7 [48 1075 111 1075]
line-8 [958 1007 974 1006]
line-9 [67 1062 167 1062]
line-10 [921 1011 928 1011]
line-11 [605 1070 617 1066]
line-12 [105 1069 145 1069]
line-13 [321 808 329 808]
line-14 [21 819 33 819]
line-15 [280 810 287 810]
line-16 [492 1113 500 1110]
line-17 [55 1083 103 1083]
line-18 [516 1103 522 1101]
line-19 [172 813 178 813]
line-20 [196 811 204 811]
line-21 [533 943 559 928]
line-22 [734 1031 744 1029]
line-23 [645 1056 653 1054]
line-24 [462 809 493 809]
line-25 [665 1050 676 1047]
line-26 [85 1069 98 1069]
line-27 [104 1084 146 1084]
line-28 [888 1015 894 1015]
line-29 [279 1088 319 1088]
line-30 [83 815 93 815]
line-31 [341 809 348 809]
line-32 [146 1070 186 1069]
line-33 [225 810 252 810]
line-34 [349 808 355 808]
line-35 [750 812 760 812]
line-36 [413 806 421 806]
line-37 [112 1076 157 1076]
line-38 [324 1080 340 1080]
line-39 [1001 1008 1011 1007]
line-40 [761 811 772 811]
line-41 [171 1063 185 1063]
line-42 [750 1027 761 1025]
line-43 [568 1084 588 1076]
line-44 [819 807 829 807]
line-45 [156 1085 199 1085]
line-46 [424 808 430 808]
line-47 [987 1004 997 1004]
line-48 [353 1081 363 1081]
line-49 [793 807 801 807]
line-50 [658 1052 664 1050]
line-51 [25 1075 41 1074]
line-52 [64 819 74 819]
line-53 [93 816 102 816]
line-54 [575 921 581 919]
line-55 [929 1010 937 1010]
line-56 [205 812 212 812]
line-57 [282 1079 297 1079]
line-58 [975 1005 986 1005]
line-59 [22 1082 40 1082]
line-60 [42 1083 54 1083]
line-61 [877 812 886 812]
line-62 [597 1073 603 1071]
line-63 [945 1008 954 1008]
line-64 [1000 1003 1010 1003]
line-65 [803 809 808 809]
line-66 [225 1078 235 1078]
line-67 [1032 1001 1040 1001]
line-68 [295 811 300 811]
line-69 [322 1089 330 1089]
line-70 [681 1045 695 1041]
line-71 [11 824 22 824]
line-72 [561 927 573 922]
line-73 [253 811 260 811]
line-74 [304 1080 319 1080]
line-75 [1022 1004 1027 1004]
line-76 [63 824 71 824]
line-77 [99 1069 104 1069]
line-78 [483 1118 492 1114]
line-79 [749 814 758 814]
line-80 [1039 1004 1049 1003]
line-81 [1060 999 1079 999]
line-82 [352 1067 367 1067]
line-83 [541 1093 546 1091]
line-84 [48 1068 67 1068]
line-85 [551 1090 556 1088]
line-86 [1073 1003 1079 1003]
line-87 [158 1077 172 1077]
line-88 [260 1087 268 1087]
line-89 [590 915 604 911]
line-90 [641 800 646 800]
line-91 [0 1074 20 1074]
line-92 [55 824 62 824]
line-93 [489 813 497 813]
line-94 [809 808 815 808]
line-95 [147 1084 155 1084]
line-96 [635 796 640 796]
line-97 [336 1066 351 1066]
line-98 [780 1020 787 1019]
