line-0 [43 1083 99 1083]
line-1 [0 1074 21 1074]
line-2 [226 810 252 810]
line-3 [107 1076 162 1076]
line-4 [61 1062 167 1062]
line-5 [205 812 212 812]
line-6 [301 810 308 810]
line-7 [148 1070 185 1070]
line-8 [235 1086 259 1086]
line-9 [932 1010 937 1010]
line-10 [202 1086 230 1086]
line-11 [163 1077 211 1077]
line-12 [280 810 289 810]
line-13 [214 1078 246 1078]
line-14 [424 808 430 808]
line-15 [295 811 300 811]
line-16 [518 1102 529 1098]
line-17 [344 1081 363 1081]
line-18 [340 809 347 809]
line-19 [196 811 204 811]
line-20 [692 1042 715 1036]
line-21 [999 1003 1009 1003]
line-22 [279 1088 314 1088]
line-23 [45 1075 104 1075]
line-24 [260 812 266 812]
line-25 [84 1069 140 1069]
line-26 [333 808 339 808]
line-27 [328 1089 336 1089]
line-28 [119 1084 161 1084]
line-29 [593 1074 611 1068]
line-30 [975 1005 985 1005]
line-31 [287 1079 295 1079]
line-32 [646 1056 652 1054]
line-33 [463 809 492 809]
line-34 [171 813 177 813]
line-35 [490 1114 498 1111]
line-36 [738 1030 753 1027]
line-37 [635 796 640 796]
line-38 [552 932 567 924]
line-39 [524 950 545 935]
line-40 [946 1008 955 1008]
line-41 [1002 1008 1011 1007]
line-42 [256 1078 274 1078]
line-43 [1067 999 1079 999]
line-44 [323 808 329 808]
line-45 [296 1079 301 1079]
line-46 [83 815 94 815]
line-47 [20 819 33 819]
line-48 [413 806 421 806]
line-49 [168 1063 180 1063]
line-50 [440 806 452 806]
line-51 [48 1068 83 1068]
line-52 [777 807 782 807]
line-53 [9 1082 41 1082]
line-54 [506 1107 514 1104]
line-55 [346 1074 369 1074]
line-56 [561 1086 568 1084]
line-57 [361 808 366 808]
line-58 [544 1092 552 1089]
line-59 [337 1074 345 1074]
line-60 [352 1067 359 1067]
line-61 [183 811 191 811]
line-62 [1039 1004 1049 1003]
line-63 [1036 1001 1052 1000]
line-64 [667 1050 682 1045]
line-65 [601 912 609 910]
line-66 [956 1007 961 1007]
line-67 [253 811 259 811]
line-68 [399 808 411 808]
line-69 [188 1086 201 1086]
line-70 [1021 1004 1027 1004]
line-71 [923 1011 931 1010]
line-72 [684 1044 690 1043]
line-73 [303 1080 331 1080]
line-74 [993 1004 998 1004]
line-75 [162 1085 182 1085]
line-76 [641 800 646 800]
line-77 [348 808 355 808]
line-78 [614 1067 619 1066]
line-79 [181 1063 192 1063]
line-80 [569 1083 574 1081]
line-81 [483 1118 490 1115]
line-82 [37 1074 44 1074]
line-83 [12 824 22 824]
line-84 [337 1066 351 1066]
line-85 [261 1087 278 1087]
line-86 [160 813 166 813]
line-87 [522 1098 531 1095]
