line-0 [210 1086 260 1086]
line-1 [74 1062 130 1062]
line-2 [248 1078 281 1078]
line-3 [956 1007 963 1007]
line-4 [303 1080 336 1080]
line-5 [967 1006 974 1006]
line-6 [226 810 252 810]
line-7 [80 1069 108 1069]
line-8 [282 1079 302 1079]
line-9 [97 1083 103 1083]
line-10 [938 1009 953 1008]
line-11 [324 808 329 808]
line-12 [399 808 411 808]
line-13 [301 810 307 810]
line-14 [171 813 178 813]
line-15 [897 1014 903 1014]
line-16 [279 1088 320 1088]
line-17 [597 1073 603 1071]
line-18 [513 1104 524 1100]
line-19 [260 812 265 812]
line-20 [0 1081 8 1081]
line-21 [462 809 494 809]
line-22 [196 811 205 811]
line-23 [688 1043 700 1040]
line-24 [348 808 355 808]
line-25 [47 1075 115 1075]
line-26 [18 1074 36 1074]
line-27 [1070 999 1079 999]
line-28 [333 808 339 808]
line-29 [9 1082 23 1082]
line-30 [58 824 73 824]
line-31 [295 811 300 811]
line-32 [111 1069 167 1070]
line-33 [585 1077 590 1075]
line-34 [776 1021 782 1020]
line-35 [104 1084 123 1084]
line-36 [156 1077 194 1077]
line-37 [155 1085 199 1085]
line-38 [413 806 422 806]
line-39 [228 1078 246 1078]
line-40 [337 1066 344 1066]
line-41 [1002 1006 1007 1006]
line-42 [731 1032 737 1031]
line-43 [531 1097 537 1095]
line-44 [83 815 94 815]
line-45 [276 810 287 810]
line-46 [445 806 452 806]
line-47 [183 811 192 811]
line-48 [718 1035 723 1034]
line-49 [975 1005 985 1005]
line-50 [572 1082 578 1080]
line-51 [127 1084 137 1084]
line-52 [637 1059 647 1056]
line-53 [533 943 556 929]
line-54 [661 1051 666 1050]
line-55 [42 1083 96 1083]
line-56 [21 819 33 819]
line-57 [138 1062 192 1063]
line-58 [321 1089 346 1089]
line-59 [1025 824 1032 824]
line-60 [481 1119 499 1110]
line-61 [116 1076 155 1076]
line-62 [930 1010 937 1010]
line-63 [724 1034 730 1032]
line-64 [1039 1001 1049 1000]
line-65 [635 796 640 796]
line-66 [764 1024 769 1023]
line-67 [558 1087 566 1084]
line-68 [909 819 918 819]
line-69 [345 1081 359 1081]
line-70 [640 800 646 800]
line-71 [1039 1004 1046 1004]
line-72 [1073 1003 1079 1003]
line-73 [253 811 259 811]
line-74 [48 1068 65 1068]
line-75 [340 809 347 809]
line-76 [580 919 585 917]
line-77 [353 1067 373 1067]
line-78 [556 930 566 925]
line-79 [55 826 70 826]
line-80 [913 1012 919 1012]
line-81 [746 1028 753 1026]
line-82 [1051 1000 1056 1000]
line-83 [97 816 102 816]
line-84 [196 1077 214 1077]
line-85 [549 1090 554 1089]
line-86 [1001 1003 1011 1003]
line-87 [504 1108 510 1105]
line-88 [37 1074 46 1074]
line-89 [877 812 886 812]
line-90 [168 1070 183 1070]
line-91 [706 1038 711 1037]
line-92 [0 819 5 819]
line-93 [12 824 20 824]
line-94 [904 1013 912 1013]
