line-0 [220 1078 276 1078]
line-1 [968 1006 974 1006]
line-2 [913 1012 928 1011]
line-3 [25 819 33 819]
line-4 [261 1087 278 1087]
line-5 [332 808 340 808]
line-6 [85 1069 138 1069]
line-7 [399 808 410 808]
line-8 [22 1075 39 1075]
line-9 [235 810 252 810]
line-10 [168 1063 192 1063]
line-11 [279 1088 349 1089]
line-12 [40 1083 106 1083]
line-13 [698 1040 708 1038]
line-14 [1036 1001 1043 1001]
line-15 [205 812 212 812]
line-16 [118 1076 146 1076]
line-17 [623 1064 630 1062]
line-18 [75 1062 167 1062]
line-19 [180 1077 213 1077]
line-20 [424 808 430 808]
line-21 [462 809 493 809]
line-22 [361 808 369 808]
line-23 [662 1051 681 1045]
line-24 [265 811 270 811]
line-25 [13 819 18 819]
line-26 [237 1086 245 1086]
line-27 [301 810 310 810]
line-28 [930 1010 935 1010]
line-29 [195 811 204 811]
line-30 [0 1081 8 1081]
line-31 [145 1070 185 1070]
line-32 [780 1020 785 1019]
line-33 [506 1107 514 1104]
line-34 [107 1084 145 1084]
line-35 [43 1075 98 1075]
line-36 [215 1086 236 1086]
line-37 [709 1037 720 1035]
line-38 [93 816 102 816]
line-39 [0 1074 21 1074]
line-40 [18 1082 39 1082]
line-41 [550 1090 556 1088]
line-42 [997 1003 1004 1003]
line-43 [48 1068 83 1068]
line-44 [1039 1004 1047 1004]
line-45 [172 813 178 813]
line-46 [341 809 347 809]
line-47 [544 1092 549 1090]
line-48 [515 1103 524 1100]
line-49 [936 1010 945 1009]
line-50 [614 1067 622 1064]
line-51 [219 809 224 809]
line-52 [431 807 436 807]
line-53 [540 939 552 931]
line-54 [596 1073 603 1071]
line-55 [562 926 568 924]
line-56 [304 1080 312 1080]
line-57 [345 1074 367 1074]
line-58 [1024 1004 1030 1004]
line-59 [160 1085 188 1085]
line-60 [253 811 259 811]
line-61 [11 824 21 824]
line-62 [412 806 421 806]
line-63 [566 1084 573 1082]
line-64 [990 1004 996 1004]
line-65 [246 1086 258 1086]
line-66 [341 1081 363 1081]
line-67 [83 815 93 815]
line-68 [636 800 645 800]
line-69 [1000 1008 1005 1008]
line-70 [283 1079 303 1079]
line-71 [868 1005 875 1005]
line-72 [956 1007 966 1007]
line-73 [1065 999 1079 999]
line-74 [446 806 452 806]
line-75 [275 810 287 810]
line-76 [295 811 300 811]
line-77 [354 1067 372 1067]
line-78 [104 1075 112 1075]
line-79 [525 949 535 942]
line-80 [333 1073 344 1073]
line-81 [596 914 601 912]
line-82 [585 1077 592 1075]
line-83 [305 826 326 826]
line-84 [520 1097 525 1094]
line-85 [761 811 767 811]
line-86 [355 807 360 807]
line-87 [691 1042 697 1041]
line-88 [316 1080 340 1080]
line-89 [889 1015 896 1015]
line-90 [483 1118 496 1111]
line-91 [336 1066 353 1066]
line-92 [671 800 676 800]
line-93 [348 808 354 808]
line-94 [877 812 886 812]
line-95 [9 1082 17 1082]
line-96 [950 1008 955 1008]
