line-0 [113 1076 147 1076]
line-1 [275 810 294 810]
line-2 [44 1083 100 1083]
line-3 [86 1069 125 1069]
line-4 [213 1078 264 1078]
line-5 [59 1062 166 1062]
line-6 [332 808 340 808]
line-7 [341 809 347 809]
line-8 [691 1042 704 1039]
line-9 [209 1086 217 1086]
line-10 [617 1066 627 1063]
line-11 [348 1074 361 1074]
line-12 [905 1013 911 1013]
line-13 [194 1085 199 1085]
line-14 [799 1016 806 1015]
line-15 [967 1006 974 1006]
line-16 [549 1090 556 1088]
line-17 [52 819 61 819]
line-18 [228 810 251 810]
line-19 [463 809 493 809]
line-20 [46 1075 105 1075]
line-21 [261 1087 276 1087]
line-22 [816 1013 821 1012]
line-23 [157 1077 212 1077]
line-24 [997 1003 1011 1003]
line-25 [771 1022 782 1020]
line-26 [33 818 38 818]
line-27 [84 815 93 815]
line-28 [280 1088 322 1088]
line-29 [643 1057 652 1054]
line-30 [955 1007 965 1007]
line-31 [504 1108 514 1104]
line-32 [195 811 204 811]
line-33 [399 808 410 808]
line-34 [661 1051 666 1050]
line-35 [115 1084 152 1084]
line-36 [56 824 74 824]
line-37 [445 806 452 806]
line-38 [153 1085 181 1085]
line-39 [202 1086 208 1086]
line-40 [608 1069 613 1067]
line-41 [754 1026 759 1025]
line-42 [551 932 567 924]
line-43 [160 1070 174 1070]
line-44 [172 813 177 813]
line-45 [1009 819 1014 819]
line-46 [300 810 309 810]
line-47 [521 952 535 941]
line-48 [822 807 828 807]
line-49 [308 1080 341 1081]
line-50 [287 1079 295 1079]
line-51 [808 808 818 808]
line-52 [1059 999 1064 999]
line-53 [931 1010 936 1010]
line-54 [252 811 259 811]
line-55 [742 809 751 809]
line-56 [858 1005 875 1005]
line-57 [732 1032 740 1030]
line-58 [1070 999 1078 999]
line-59 [20 1075 32 1075]
line-60 [1032 823 1038 823]
line-61 [990 1009 996 1009]
line-62 [494 1112 502 1109]
line-63 [908 819 916 819]
line-64 [265 1078 274 1078]
line-65 [56 1068 85 1068]
line-66 [352 1067 372 1067]
line-67 [531 1097 537 1095]
line-68 [41 818 46 818]
line-69 [336 1066 351 1066]
line-70 [975 1005 984 1005]
line-71 [218 1086 260 1086]
line-72 [384 808 389 808]
line-73 [522 1095 528 1093]
line-74 [1025 824 1031 824]
line-75 [898 1014 903 1014]
line-76 [628 1063 633 1061]
line-77 [7 1082 35 1082]
line-78 [568 1083 573 1082]
line-79 [64 819 74 819]
line-80 [985 1004 996 1004]
line-81 [205 812 211 812]
line-82 [9 1074 19 1074]
line-83 [937 1009 942 1009]
line-84 [321 808 329 808]
line-85 [569 923 594 914]
line-86 [760 811 771 811]
line-87 [325 1089 333 1089]
line-88 [920 1011 928 1011]
line-89 [742 1029 747 1028]
line-90 [81 823 89 823]
line-91 [265 811 270 811]
line-92 [11 824 21 824]
line-93 [167 1063 192 1063]
line-94 [636 800 646 800]
line-95 [128 1069 142 1069]
line-96 [183 811 191 811]
line-97 [486 1116 492 1114]
line-98 [750 812 759 812]
line-99 [776 807 782 807]
line-100 [25 819 32 819]
line-101 [361 808 369 808]
line-102 [1071 1003 1079 1003]
line-103 [541 938 548 933]
