line-0 [36 1083 81 1083]
line-1 [225 810 251 810]
line-2 [25 819 32 819]
line-3 [45 1075 91 1075]
line-4 [399 808 410 808]
line-5 [77 1062 166 1062]
line-6 [305 810 314 810]
line-7 [341 809 346 809]
line-8 [95 1069 129 1069]
line-9 [997 1003 1002 1003]
line-10 [1044 1000 1051 1000]
line-11 [977 1005 984 1005]
line-12 [684 1044 693 1042]
line-13 [93 816 101 816]
line-14 [1023 1004 1028 1004]
line-15 [64 819 70 819]
line-16 [82 1083 101 1083]
line-17 [195 1086 216 1086]
line-18 [346 808 354 808]
line-19 [133 1076 161 1076]
line-20 [195 811 205 811]
line-21 [130 1069 136 1069]
line-22 [889 1015 895 1015]
line-23 [637 1059 647 1056]
line-24 [8 1082 35 1082]
line-25 [508 1106 537 1095]
line-26 [1007 1007 1012 1007]
line-27 [913 1012 928 1011]
line-28 [276 810 286 810]
line-29 [167 1063 180 1063]
line-30 [771 1022 778 1021]
line-31 [593 1074 612 1068]
line-32 [163 1077 214 1077]
line-33 [779 1021 788 1019]
line-34 [355 807 360 807]
line-35 [294 811 299 811]
line-36 [160 1070 184 1070]
line-37 [955 1007 966 1007]
line-38 [411 806 421 806]
line-39 [664 1050 676 1047]
line-40 [22 1075 28 1075]
line-41 [105 1084 157 1084]
line-42 [332 808 340 808]
line-43 [809 808 818 808]
line-44 [1040 1004 1047 1004]
line-45 [1063 999 1079 999]
line-46 [114 1076 120 1076]
line-47 [457 808 462 808]
line-48 [538 939 551 932]
line-49 [445 806 452 806]
line-50 [463 809 492 809]
line-51 [48 1068 83 1068]
line-52 [158 1085 184 1085]
line-53 [776 807 782 807]
line-54 [11 824 19 824]
line-55 [945 1008 954 1008]
line-56 [183 811 192 811]
line-57 [0 1074 21 1074]
line-58 [822 807 828 807]
line-59 [557 929 564 925]
line-60 [82 815 93 815]
line-61 [877 812 884 812]
line-62 [252 811 259 811]
line-63 [53 819 61 819]
line-64 [582 918 594 914]
line-65 [522 1095 528 1093]
line-66 [81 823 88 823]
line-67 [561 1086 573 1082]
line-68 [361 808 369 808]
line-69 [64 1062 75 1062]
line-70 [522 1098 531 1095]
line-71 [215 1078 235 1078]
line-72 [424 808 429 808]
line-73 [908 819 913 819]
line-74 [382 808 389 808]
line-75 [33 818 38 818]
line-76 [221 1086 227 1086]
line-77 [459 1115 464 1114]
line-78 [1055 820 1061 820]
line-79 [265 811 270 811]
line-80 [985 1004 995 1004]
line-81 [571 922 581 919]
line-82 [641 800 646 800]
line-83 [58 824 68 824]
line-84 [319 808 329 808]
line-85 [494 1112 500 1110]
line-86 [528 946 536 941]
line-87 [938 1009 944 1009]
line-88 [917 818 925 818]
line-89 [967 1006 973 1006]
line-90 [616 802 621 802]
line-91 [121 1076 132 1076]
line-92 [485 1117 494 1113]
line-93 [181 1063 192 1063]
