line-0 [309 1080 327 1080]
line-1 [40 1083 73 1083]
line-2 [68 1075 113 1075]
line-3 [153 1070 185 1070]
line-4 [238 1086 259 1086]
line-5 [202 1086 230 1086]
line-6 [358 1067 372 1067]
line-7 [346 1081 354 1081]
line-8 [668 1049 684 1044]
line-9 [571 1082 577 1080]
line-10 [76 1062 162 1062]
line-11 [189 1077 215 1077]
line-12 [485 1116 495 1112]
line-13 [993 1003 1002 1003]
line-14 [11 1082 39 1082]
line-15 [549 1090 555 1088]
line-16 [972 1005 987 1004]
line-17 [625 1063 634 1060]
line-18 [228 810 251 810]
line-19 [240 1078 268 1078]
line-20 [104 1084 160 1084]
line-21 [87 1069 93 1069]
line-22 [464 809 493 809]
line-23 [1059 999 1073 999]
line-24 [926 1010 932 1010]
line-25 [0 1074 28 1074]
line-26 [114 1076 168 1076]
line-27 [579 1079 585 1077]
line-28 [94 816 102 816]
line-29 [704 1038 714 1036]
line-30 [985 1009 995 1009]
line-31 [47 1068 86 1068]
line-32 [319 1089 349 1089]
line-33 [83 815 94 815]
line-34 [1049 1002 1056 1002]
line-35 [65 819 74 819]
line-36 [183 1063 192 1063]
line-37 [172 1077 186 1077]
line-38 [99 1069 146 1069]
line-39 [736 1030 747 1028]
line-40 [1050 999 1058 999]
line-41 [590 1075 602 1071]
line-42 [511 1105 520 1101]
line-43 [34 818 39 818]
line-44 [952 1007 957 1007]
line-45 [161 1085 188 1085]
line-46 [178 812 183 812]
line-47 [84 1083 94 1083]
line-48 [930 815 938 815]
line-49 [336 1066 357 1066]
line-50 [288 1088 314 1088]
line-51 [0 1081 10 1081]
line-52 [276 1078 281 1078]
line-53 [1024 1004 1031 1004]
line-54 [543 1092 548 1090]
line-55 [289 1079 303 1079]
line-56 [693 1041 699 1040]
line-57 [910 1012 916 1012]
line-58 [793 807 802 807]
line-59 [944 1008 951 1008]
line-60 [21 819 33 819]
line-61 [808 808 814 808]
line-62 [184 811 192 811]
line-63 [260 1087 287 1087]
line-64 [498 1110 506 1107]
line-65 [1037 1000 1045 1000]
line-66 [172 813 177 813]
line-67 [776 807 782 807]
line-68 [1003 1003 1014 1002]
line-69 [612 1067 617 1066]
line-70 [1040 1004 1045 1004]
line-71 [893 1014 898 1014]
line-72 [444 806 453 806]
line-73 [344 1074 359 1074]
line-74 [1055 820 1069 820]
line-75 [14 824 22 824]
line-76 [351 1090 357 1090]
line-77 [355 1081 363 1081]
line-78 [895 808 900 808]
line-79 [961 1006 971 1006]
line-80 [641 800 647 800]
line-81 [163 1063 177 1063]
line-82 [269 1078 275 1078]
line-83 [206 812 211 812]
