line-0 [261 1078 289 1078]
line-1 [186 811 196 811]
line-2 [52 819 61 819]
line-3 [346 808 353 808]
line-4 [312 1080 341 1080]
line-5 [305 810 313 810]
line-6 [81 1083 120 1083]
line-7 [898 1014 903 1014]
line-8 [80 815 94 815]
line-9 [66 1083 80 1083]
line-10 [1001 1003 1009 1003]
line-11 [332 808 341 808]
line-12 [93 1068 107 1068]
line-13 [333 1073 357 1073]
line-14 [332 1089 346 1089]
line-15 [108 1069 166 1069]
line-16 [913 1012 935 1010]
line-17 [173 1077 260 1078]
line-18 [198 811 206 811]
line-19 [254 811 262 811]
line-20 [411 806 422 806]
line-21 [304 1088 312 1088]
line-22 [975 1005 985 1005]
line-23 [105 1062 157 1062]
line-24 [582 1078 594 1074]
line-25 [758 1025 782 1020]
line-26 [271 809 276 809]
line-27 [702 1039 707 1038]
line-28 [639 1058 659 1052]
line-29 [33 818 45 818]
line-30 [136 1076 149 1076]
line-31 [165 1085 210 1085]
line-32 [1 1074 59 1074]
line-33 [382 808 387 808]
line-34 [15 1082 65 1082]
line-35 [60 1075 135 1075]
line-36 [531 1097 537 1095]
line-37 [634 799 641 799]
line-38 [486 809 492 809]
line-39 [1069 999 1077 999]
line-40 [175 812 181 812]
line-41 [811 808 817 808]
line-42 [52 824 62 824]
line-43 [642 800 647 800]
line-44 [680 1045 691 1042]
line-45 [213 1086 266 1086]
line-46 [370 806 377 806]
line-47 [776 807 781 807]
line-48 [1022 1004 1030 1004]
line-49 [1043 1000 1054 1000]
line-50 [54 1061 96 1061]
line-51 [291 1079 311 1079]
line-52 [121 1084 164 1084]
line-53 [267 1087 287 1087]
line-54 [459 808 485 808]
line-55 [559 927 565 925]
line-56 [236 810 241 810]
line-57 [1039 1004 1046 1004]
line-58 [860 1005 874 1005]
line-59 [54 1068 72 1068]
line-60 [534 942 555 929]
line-61 [320 808 326 808]
line-62 [400 808 409 808]
line-63 [793 807 802 807]
line-64 [150 1076 172 1076]
line-65 [336 1066 364 1066]
line-66 [726 1033 731 1032]
line-67 [158 1062 167 1062]
line-68 [226 810 231 810]
line-69 [1007 1007 1012 1007]
line-70 [264 811 270 811]
line-71 [354 807 363 807]
line-72 [1061 819 1067 819]
line-73 [602 1071 612 1068]
line-74 [496 1111 505 1107]
line-75 [488 1115 493 1113]
line-76 [1068 820 1073 820]
line-77 [1055 1000 1068 999]
line-78 [348 1081 363 1081]
line-79 [955 1007 964 1007]
line-80 [762 811 768 811]
line-81 [16 818 21 818]
line-82 [748 811 757 812]
line-83 [719 793 730 793]
line-84 [587 916 593 914]
line-85 [67 818 73 818]
line-86 [445 806 453 806]
line-87 [739 1030 746 1028]
line-88 [599 912 604 911]
line-89 [527 947 536 941]
line-90 [617 802 622 802]
line-91 [313 1088 331 1088]
line-92 [63 824 70 824]
line-93 [579 919 586 917]
line-94 [632 795 637 795]
line-95 [5 820 12 820]
line-96 [172 1070 183 1070]
line-97 [786 804 791 804]
line-98 [168 1062 175 1062]
line-99 [510 1105 515 1103]
line-100 [966 1006 973 1006]
line-101 [277 810 282 810]
line-102 [1055 820 1060 820]
line-103 [945 1008 954 1008]
line-104 [77 1068 92 1068]
line-105 [481 1119 488 1116]
line-106 [520 1101 525 1099]
line-107 [986 1004 997 1004]
line-108 [613 1067 622 1064]
