line-0 [215 1078 268 1078]
line-1 [260 1087 280 1087]
line-2 [332 808 342 808]
line-3 [59 1083 102 1083]
line-4 [72 1062 117 1062]
line-5 [165 1077 214 1077]
line-6 [103 1069 143 1069]
line-7 [0 1074 48 1074]
line-8 [912 1012 917 1012]
line-9 [226 810 233 810]
line-10 [49 1075 106 1075]
line-11 [679 1045 685 1044]
line-12 [740 1029 747 1028]
line-13 [83 815 94 815]
line-14 [560 1086 572 1082]
line-15 [973 1005 982 1005]
line-16 [356 807 361 807]
line-17 [163 1085 188 1085]
line-18 [281 1088 319 1088]
line-19 [337 1074 345 1074]
line-20 [138 1076 156 1076]
line-21 [295 811 300 811]
line-22 [0 819 5 819]
line-23 [732 1031 739 1030]
line-24 [584 1077 606 1070]
line-25 [1038 1001 1052 1000]
line-26 [276 810 289 810]
line-27 [342 809 347 809]
line-28 [196 1086 259 1086]
line-29 [808 808 818 808]
line-30 [269 1078 279 1078]
line-31 [888 1015 910 1013]
line-32 [94 816 102 816]
line-33 [280 1079 298 1079]
line-34 [515 1103 523 1100]
line-35 [312 1080 326 1080]
line-36 [21 819 33 819]
line-37 [17 1082 35 1082]
line-38 [235 810 251 810]
line-39 [886 811 891 811]
line-40 [160 1063 192 1063]
line-41 [195 811 205 811]
line-42 [983 1004 994 1004]
line-43 [645 1056 659 1052]
line-44 [745 809 751 809]
line-45 [1070 999 1078 999]
line-46 [0 1081 9 1081]
line-47 [522 951 548 933]
line-48 [818 807 828 807]
line-49 [144 1070 185 1070]
line-50 [912 819 917 819]
line-51 [103 1084 161 1084]
line-52 [762 1024 769 1023]
line-53 [776 807 782 807]
line-54 [129 1062 157 1062]
line-55 [41 818 46 818]
line-56 [628 1062 635 1060]
line-57 [48 1068 83 1068]
line-58 [1024 1004 1030 1004]
line-59 [1072 821 1079 821]
line-60 [36 1082 43 1082]
line-61 [252 811 260 811]
line-62 [1032 823 1038 823]
line-63 [725 1033 731 1032]
line-64 [538 1094 546 1091]
line-65 [943 1008 953 1008]
line-66 [348 808 355 808]
line-67 [320 1089 342 1089]
line-68 [878 812 885 812]
line-69 [506 1107 511 1105]
line-70 [482 1118 500 1109]
line-71 [299 1079 305 1079]
line-72 [754 809 760 809]
line-73 [661 1051 669 1049]
line-74 [336 1066 362 1066]
line-75 [761 811 768 811]
line-76 [346 1074 368 1074]
line-77 [183 811 190 811]
line-78 [616 802 621 802]
line-79 [327 1080 332 1080]
line-80 [1055 820 1071 820]
line-81 [123 1076 137 1076]
line-82 [335 1081 361 1081]
line-83 [995 1003 1009 1003]
line-84 [1039 1004 1044 1004]
line-85 [829 806 835 806]
line-86 [562 927 567 924]
line-87 [554 1088 559 1087]
line-88 [998 1008 1005 1008]
line-89 [363 1067 372 1067]
line-90 [928 1010 934 1010]
line-91 [918 1011 927 1011]
line-92 [12 824 22 824]
line-93 [322 808 330 808]
