line-0 [0 819 5 819]
line-1 [311 1080 336 1080]
line-2 [193 1086 249 1086]
line-3 [236 1078 281 1078]
line-4 [399 808 410 808]
line-5 [94 816 101 816]
line-6 [107 1069 146 1069]
line-7 [164 1063 193 1063]
line-8 [540 1093 558 1087]
line-9 [320 808 329 808]
line-10 [362 808 369 808]
line-11 [305 810 314 810]
line-12 [972 1005 992 1004]
line-13 [757 1025 785 1019]
line-14 [0 1081 10 1081]
line-15 [271 809 276 809]
line-16 [78 1062 163 1062]
line-17 [53 1083 89 1083]
line-18 [793 807 802 807]
line-19 [654 1053 665 1050]
line-20 [346 1074 368 1074]
line-21 [28 1074 65 1075]
line-22 [187 1077 197 1077]
line-23 [320 1089 349 1089]
line-24 [382 808 389 808]
line-25 [86 1069 93 1069]
line-26 [1040 1004 1045 1004]
line-27 [431 807 436 807]
line-28 [235 810 252 810]
line-29 [956 1007 963 1007]
line-30 [109 1076 166 1076]
line-31 [206 812 211 812]
line-32 [464 809 493 809]
line-33 [761 811 771 811]
line-34 [84 815 94 815]
line-35 [105 1084 161 1084]
line-36 [687 1043 695 1041]
line-37 [776 807 782 807]
line-38 [920 1011 925 1011]
line-39 [636 796 641 796]
line-40 [613 1067 620 1065]
line-41 [559 1087 565 1084]
line-42 [412 806 422 806]
line-43 [352 1081 360 1081]
line-44 [1056 999 1066 999]
line-45 [48 1068 85 1068]
line-46 [502 1108 508 1106]
line-47 [696 1041 702 1039]
line-48 [183 811 192 811]
line-49 [356 807 361 807]
line-50 [64 819 74 819]
line-51 [808 808 815 808]
line-52 [910 1012 916 1012]
line-53 [12 1082 40 1082]
line-54 [13 819 33 819]
line-55 [926 1010 934 1010]
line-56 [147 1070 185 1070]
line-57 [287 1088 315 1088]
line-58 [666 1050 680 1045]
line-59 [12 824 22 824]
line-60 [177 1085 191 1085]
line-61 [1050 1002 1058 1002]
line-62 [641 800 647 800]
line-63 [276 810 289 810]
line-64 [83 1075 108 1075]
line-65 [95 1083 104 1083]
line-66 [964 1006 971 1006]
line-67 [4 1074 22 1074]
line-68 [750 814 764 814]
line-69 [910 819 917 819]
line-70 [332 808 342 808]
line-71 [458 808 463 808]
line-72 [295 811 300 811]
line-73 [751 812 759 812]
line-74 [41 818 46 818]
line-75 [200 1077 215 1077]
line-76 [169 1077 177 1077]
line-77 [521 1098 526 1096]
line-78 [336 1066 362 1066]
line-79 [709 1037 719 1034]
line-80 [270 1087 286 1087]
line-81 [1067 999 1079 998]
line-82 [342 809 347 809]
line-83 [994 1003 1008 1003]
line-84 [282 1079 310 1079]
line-85 [1026 824 1031 824]
line-86 [998 1008 1003 1008]
line-87 [481 1119 487 1116]
line-88 [930 815 937 815]
line-89 [195 811 205 811]
line-90 [595 1073 600 1072]
line-91 [888 1015 907 1013]
line-92 [442 806 453 806]
line-93 [177 812 182 812]
line-94 [57 1061 77 1061]
line-95 [253 811 260 811]
line-96 [226 810 232 810]
line-97 [943 1008 952 1008]
line-98 [671 800 676 800]
line-99 [1032 823 1038 823]
line-100 [1009 819 1016 819]
