line-0 [236 1078 277 1078]
line-1 [320 808 330 808]
line-2 [212 1086 264 1086]
line-3 [271 809 276 809]
line-4 [305 810 314 810]
line-5 [628 1062 643 1057]
line-6 [94 1061 152 1062]
line-7 [956 1007 972 1006]
line-8 [1039 1004 1045 1004]
line-9 [245 810 252 810]
line-10 [634 799 641 799]
line-11 [51 1075 126 1075]
line-12 [895 1014 911 1013]
line-13 [195 811 205 811]
line-14 [107 1069 148 1069]
line-15 [170 1077 225 1077]
line-16 [109 1084 163 1084]
line-17 [371 806 377 806]
line-18 [179 1063 192 1063]
line-19 [501 1109 518 1102]
line-20 [973 1005 983 1005]
line-21 [593 1074 617 1066]
line-22 [808 808 817 808]
line-23 [63 1083 91 1083]
line-24 [1030 1001 1036 1001]
line-25 [94 816 102 816]
line-26 [708 1037 723 1034]
line-27 [276 810 283 810]
line-28 [608 910 618 908]
line-29 [412 806 422 806]
line-30 [600 909 612 907]
line-31 [920 1011 927 1011]
line-32 [15 1082 33 1082]
line-33 [81 815 87 815]
line-34 [22 1074 38 1074]
line-35 [399 808 410 808]
line-36 [48 1068 88 1068]
line-37 [183 811 193 811]
line-38 [127 1076 169 1076]
line-39 [21 819 33 819]
line-40 [995 1003 1014 1002]
line-41 [571 1082 577 1080]
line-42 [793 807 802 807]
line-43 [745 1028 752 1026]
line-44 [66 1061 81 1061]
line-45 [928 1010 936 1010]
line-46 [577 920 591 915]
line-47 [680 1045 688 1043]
line-48 [206 812 211 812]
line-49 [526 948 548 933]
line-50 [2 1074 16 1074]
line-51 [382 808 389 808]
line-52 [458 808 475 808]
line-53 [164 1085 200 1085]
line-54 [158 1070 185 1070]
line-55 [493 1112 499 1110]
line-56 [1059 999 1067 999]
line-57 [236 810 241 810]
line-58 [990 1009 1005 1008]
line-59 [33 818 46 818]
line-60 [442 806 453 806]
line-61 [171 1063 178 1063]
line-62 [548 934 557 928]
line-63 [363 808 369 808]
line-64 [355 807 362 807]
line-65 [621 907 626 906]
line-66 [618 905 646 900]
line-67 [523 1100 533 1096]
line-68 [725 1033 743 1029]
line-69 [761 811 771 811]
line-70 [911 819 917 819]
line-71 [347 808 354 808]
line-72 [219 809 224 809]
line-73 [543 1092 554 1088]
line-74 [648 1055 656 1053]
line-75 [253 811 260 811]
line-76 [750 812 760 812]
line-77 [486 1116 493 1113]
line-78 [776 807 781 807]
line-79 [177 812 182 812]
line-80 [1068 999 1076 999]
line-81 [944 1008 954 1008]
line-82 [984 1004 994 1004]
line-83 [523 1097 530 1095]
line-84 [153 1062 170 1062]
line-85 [1001 1006 1006 1006]
line-86 [642 800 647 800]
line-87 [54 1083 62 1083]
line-88 [856 1005 874 1005]
