line-0 [145 1076 246 1077]
line-1 [145 1084 176 1084]
line-2 [345 1066 373 1066]
line-3 [161 1062 175 1062]
line-4 [53 1061 130 1061]
line-5 [977 1005 984 1005]
line-6 [306 810 312 810]
line-7 [333 1073 363 1073]
line-8 [201 1085 230 1085]
line-9 [313 809 320 809]
line-10 [35 1082 80 1082]
line-11 [187 811 195 811]
line-12 [1069 999 1077 999]
line-13 [63 1074 77 1074]
line-14 [411 806 417 806]
line-15 [308 1088 344 1088]
line-16 [336 808 343 808]
line-17 [204 811 212 811]
line-18 [126 1069 182 1069]
line-19 [682 1045 693 1042]
line-20 [81 1075 144 1075]
line-21 [621 1065 636 1060]
line-22 [583 1078 589 1076]
line-23 [915 1012 928 1011]
line-24 [247 1086 255 1086]
line-25 [46 1068 120 1068]
line-26 [563 1086 568 1084]
line-27 [38 818 44 818]
line-28 [440 805 450 805]
line-29 [344 1080 358 1080]
line-30 [751 812 764 812]
line-31 [968 1006 976 1006]
line-32 [391 805 396 805]
line-33 [1002 1008 1008 1008]
line-34 [534 1096 545 1092]
line-35 [314 1079 322 1079]
line-36 [52 1074 62 1074]
line-37 [792 806 802 807]
line-38 [81 1083 132 1083]
line-39 [231 809 237 809]
line-40 [460 808 496 808]
line-41 [722 1034 729 1033]
line-42 [329 1080 343 1080]
line-43 [0 1073 31 1074]
line-44 [86 814 92 814]
line-45 [764 1024 774 1022]
line-46 [291 810 300 810]
line-47 [98 815 105 815]
line-48 [948 1008 956 1008]
line-49 [539 938 547 933]
line-50 [557 928 565 924]
line-51 [518 1102 527 1099]
line-52 [251 810 257 810]
line-53 [988 1004 997 1004]
line-54 [401 808 407 808]
line-55 [14 818 21 818]
line-56 [257 1078 299 1078]
line-57 [820 806 830 806]
line-58 [645 1057 651 1055]
line-59 [635 799 644 799]
line-60 [239 809 250 809]
line-61 [274 1087 307 1087]
line-62 [1024 1004 1030 1004]
line-63 [51 824 74 823]
line-64 [897 1014 905 1014]
line-65 [1032 1001 1045 1001]
line-66 [524 949 540 938]
line-67 [668 1049 673 1048]
line-68 [259 811 267 811]
line-69 [131 1062 160 1062]
line-70 [812 808 817 808]
line-71 [1002 1003 1012 1003]
line-72 [22 1082 34 1082]
line-73 [739 1030 744 1029]
line-74 [526 1097 531 1095]
line-75 [597 1073 610 1069]
line-76 [0 1081 21 1081]
line-77 [171 812 180 812]
line-78 [237 1086 245 1086]
line-79 [264 1086 272 1086]
line-80 [835 806 840 806]
line-81 [502 1109 512 1105]
line-82 [345 808 352 808]
line-83 [890 1015 896 1015]
line-84 [569 922 581 918]
line-85 [957 1007 967 1007]
line-86 [990 1010 999 1009]
line-87 [5 820 10 820]
line-88 [488 1116 493 1113]
line-89 [861 1005 868 1005]
line-90 [303 1079 311 1079]
line-91 [11 823 21 823]
line-92 [878 811 886 811]
line-93 [906 1013 914 1013]
line-94 [176 1062 192 1062]
line-95 [1046 1000 1057 1000]
