line-0 [191 1077 221 1077]
line-1 [137 1084 166 1084]
line-2 [957 1007 962 1007]
line-3 [285 1078 300 1078]
line-4 [62 1061 118 1061]
line-5 [1046 1000 1056 1000]
line-6 [306 810 312 810]
line-7 [230 809 237 809]
line-8 [46 1068 123 1068]
line-9 [309 1088 330 1088]
line-10 [562 1086 571 1083]
line-11 [703 1039 708 1038]
line-12 [754 808 759 808]
line-13 [226 1077 254 1077]
line-14 [63 1074 77 1074]
line-15 [167 1084 177 1084]
line-16 [251 810 258 810]
line-17 [968 1006 999 1004]
line-18 [336 808 352 808]
line-19 [1039 1001 1045 1001]
line-20 [607 1070 613 1068]
line-21 [25 818 33 818]
line-22 [124 1069 133 1069]
line-23 [349 1066 358 1066]
line-24 [130 1062 192 1062]
line-25 [23 1082 82 1082]
line-26 [537 939 553 930]
line-27 [635 1060 644 1057]
line-28 [495 1112 505 1108]
line-29 [370 806 377 806]
line-30 [249 1086 267 1086]
line-31 [932 1010 938 1010]
line-32 [439 805 450 805]
line-33 [152 1076 190 1076]
line-34 [551 1090 560 1087]
line-35 [460 808 493 808]
line-36 [1057 1000 1077 999]
line-37 [777 1021 784 1020]
line-38 [794 807 802 807]
line-39 [89 1075 149 1075]
line-40 [49 1074 62 1074]
line-41 [35 1074 48 1074]
line-42 [14 1074 34 1074]
line-43 [335 1073 365 1073]
line-44 [178 1085 232 1085]
line-45 [583 1078 606 1070]
line-46 [14 818 22 818]
line-47 [78 1074 84 1074]
line-48 [731 1032 737 1031]
line-49 [401 808 406 808]
line-50 [239 809 250 809]
line-51 [656 1053 663 1051]
line-52 [83 1083 136 1083]
line-53 [696 1041 702 1040]
line-54 [1061 1004 1068 1004]
line-55 [915 1012 920 1012]
line-56 [482 1119 489 1116]
line-57 [268 1078 282 1078]
line-58 [1069 820 1077 820]
line-59 [134 1069 185 1069]
line-60 [160 812 165 812]
line-61 [171 812 180 812]
line-62 [313 809 319 809]
line-63 [0 1081 22 1081]
line-64 [738 1031 749 1028]
line-65 [775 807 780 807]
line-66 [923 1011 929 1011]
line-67 [325 1080 360 1080]
line-68 [992 1009 1000 1009]
line-69 [1060 819 1068 819]
line-70 [614 1067 625 1064]
line-71 [292 810 300 810]
line-72 [358 807 364 807]
line-73 [11 823 21 823]
line-74 [634 795 639 795]
line-75 [580 918 586 916]
line-76 [98 815 105 815]
line-77 [1026 823 1033 823]
line-78 [51 824 61 824]
line-79 [275 1087 308 1087]
line-80 [785 804 791 804]
line-81 [37 818 45 818]
line-82 [635 799 645 799]
line-83 [259 811 266 811]
line-84 [301 1079 324 1079]
line-85 [188 811 195 811]
line-86 [520 952 532 942]
line-87 [670 1049 675 1047]
line-88 [862 1005 874 1005]
line-89 [1021 1004 1030 1004]
line-90 [907 1013 912 1013]
line-91 [554 929 559 927]
line-92 [760 810 766 810]
line-93 [509 1106 526 1099]
line-94 [522 1098 527 1097]
line-95 [750 1028 758 1026]
line-96 [391 805 396 805]
line-97 [348 1089 356 1089]
line-98 [204 811 212 811]
line-99 [891 1015 897 1015]
line-100 [560 926 568 923]
line-101 [359 1066 370 1066]
line-102 [948 1008 956 1008]
