line-0 [186 1077 228 1077]
line-1 [228 1086 272 1086]
line-2 [460 808 494 808]
line-3 [931 1010 946 1009]
line-4 [545 1092 551 1090]
line-5 [291 810 301 810]
line-6 [153 1062 167 1062]
line-7 [128 1084 168 1084]
line-8 [508 1106 522 1101]
line-9 [187 811 195 811]
line-10 [692 1042 697 1041]
line-11 [143 1069 177 1069]
line-12 [572 1082 581 1079]
line-13 [333 1073 370 1073]
line-14 [99 1075 143 1075]
line-15 [95 1083 105 1083]
line-16 [957 1007 966 1007]
line-17 [99 815 106 815]
line-18 [351 1066 369 1066]
line-19 [257 1078 285 1078]
line-20 [49 1074 63 1074]
line-21 [231 809 237 809]
line-22 [302 1079 316 1079]
line-23 [632 1061 649 1055]
line-24 [1002 1003 1012 1003]
line-25 [47 1068 119 1068]
line-26 [411 806 418 806]
line-27 [19 1082 74 1082]
line-28 [144 1076 185 1076]
line-29 [255 811 268 811]
line-30 [719 1035 736 1031]
line-31 [336 808 342 808]
line-32 [321 1088 358 1089]
line-33 [115 1062 136 1062]
line-34 [898 1014 905 1014]
line-35 [678 1046 684 1044]
line-36 [175 1085 227 1085]
line-37 [64 818 74 818]
line-38 [204 811 211 811]
line-39 [525 948 537 940]
line-40 [775 807 780 807]
line-41 [1061 1004 1067 1004]
line-42 [1052 1000 1062 1000]
line-43 [369 806 375 806]
line-44 [120 1069 137 1069]
line-45 [568 923 578 919]
line-46 [539 938 549 932]
line-47 [585 1077 616 1067]
line-48 [273 1087 303 1087]
line-49 [37 818 45 818]
line-50 [786 804 791 804]
line-51 [240 809 249 809]
line-52 [1018 1004 1030 1004]
line-53 [400 808 408 808]
line-54 [347 1080 356 1080]
line-55 [526 1099 535 1096]
line-56 [916 1012 921 1012]
line-57 [137 1062 152 1062]
line-58 [916 818 923 818]
line-59 [634 799 644 799]
line-60 [53 1061 106 1061]
line-61 [75 1083 94 1083]
line-62 [976 1005 982 1005]
line-63 [3 1081 17 1081]
line-64 [633 795 638 795]
line-65 [171 812 180 812]
line-66 [655 1053 660 1052]
line-67 [947 1008 956 1008]
line-68 [768 1023 773 1022]
line-69 [12 1074 46 1074]
line-70 [794 807 803 807]
line-71 [67 823 73 823]
line-72 [345 808 352 808]
line-73 [319 808 324 808]
line-74 [803 808 809 808]
line-75 [51 824 66 824]
line-76 [305 810 313 810]
line-77 [106 1083 124 1083]
line-78 [1073 999 1079 999]
line-79 [742 1029 757 1026]
line-80 [15 818 21 818]
line-81 [744 809 754 809]
line-82 [177 1062 183 1062]
line-83 [488 1116 502 1109]
line-84 [988 1004 999 1004]
line-85 [579 919 592 914]
line-86 [77 1075 91 1075]
line-87 [169 1084 174 1084]
line-88 [1002 1006 1007 1006]
line-89 [819 806 830 806]
line-90 [171 1062 176 1062]
line-91 [322 1080 346 1080]
line-92 [86 814 92 814]
line-93 [391 805 396 805]
line-94 [5 820 10 820]
line-95 [304 1088 320 1088]
line-96 [866 1005 873 1005]
line-97 [922 1011 930 1011]
line-98 [550 932 555 929]
line-99 [760 1025 765 1024]
line-100 [906 1013 912 1013]
line-101 [64 1074 76 1074]
line-102 [522 1098 527 1096]
line-103 [0 1073 11 1073]
line-104 [688 796 693 796]
line-105 [522 1095 530 1093]
