line-0 [177 1085 274 1086]
line-1 [0 1073 13 1073]
line-2 [187 1077 236 1077]
line-3 [131 1062 187 1062]
line-4 [13 818 21 818]
line-5 [992 1004 1013 1003]
line-6 [441 805 451 805]
line-7 [45 1068 118 1068]
line-8 [893 1015 898 1015]
line-9 [251 810 257 810]
line-10 [663 1051 683 1045]
line-11 [160 812 165 812]
line-12 [916 1012 921 1012]
line-13 [925 1011 931 1011]
line-14 [519 1102 525 1100]
line-15 [321 1088 339 1088]
line-16 [264 1078 297 1078]
line-17 [53 1061 125 1061]
line-18 [230 809 250 809]
line-19 [949 1008 957 1008]
line-20 [562 1086 571 1083]
line-21 [37 818 44 818]
line-22 [14 1074 85 1074]
line-23 [39 1082 67 1082]
line-24 [621 1065 642 1058]
line-25 [333 1073 364 1073]
line-26 [188 811 194 811]
line-27 [119 1069 184 1069]
line-28 [322 1080 359 1080]
line-29 [460 808 493 808]
line-30 [768 1023 775 1022]
line-31 [86 1075 110 1075]
line-32 [292 810 300 810]
line-33 [359 807 364 807]
line-34 [980 1005 988 1005]
line-35 [562 925 578 919]
line-36 [155 1076 183 1076]
line-37 [323 807 328 807]
line-38 [544 1093 551 1090]
line-39 [1019 1004 1026 1004]
line-40 [25 818 33 818]
line-41 [526 947 532 943]
line-42 [337 808 351 808]
line-43 [732 1032 737 1031]
line-44 [51 824 61 824]
line-45 [171 812 179 812]
line-46 [83 1083 129 1083]
line-47 [240 1077 250 1077]
line-48 [134 1084 176 1084]
line-49 [348 1066 373 1066]
line-50 [606 1070 615 1067]
line-51 [1034 1001 1044 1001]
line-52 [21 1082 36 1082]
line-53 [738 1031 746 1029]
line-54 [969 1006 974 1006]
line-55 [258 811 267 811]
line-56 [533 942 556 928]
line-57 [991 1010 1008 1008]
line-58 [308 1079 316 1079]
line-59 [1049 1003 1054 1003]
line-60 [1048 1000 1069 1000]
line-61 [306 810 312 810]
line-62 [111 1075 128 1075]
line-63 [613 908 619 907]
line-64 [65 818 72 818]
line-65 [0 1081 20 1081]
line-66 [485 1117 500 1110]
line-67 [391 805 396 805]
line-68 [369 806 377 806]
line-69 [275 1087 307 1087]
line-70 [204 811 211 811]
line-71 [585 1078 590 1076]
line-72 [959 1007 968 1007]
line-73 [886 810 891 810]
line-74 [100 815 105 815]
line-75 [634 799 644 799]
line-76 [401 808 406 808]
line-77 [64 823 73 823]
line-78 [940 1009 947 1009]
line-79 [591 914 605 910]
line-80 [87 814 92 814]
line-81 [622 794 628 794]
line-82 [522 1098 531 1095]
line-83 [591 1075 600 1072]
line-84 [74 1082 82 1082]
line-85 [251 1077 263 1077]
line-86 [653 1054 659 1052]
line-87 [14 823 21 823]
line-88 [343 1089 360 1089]
line-89 [1074 1003 1079 1003]
