line-0 [207 1077 263 1077]
line-1 [95 1083 139 1083]
line-2 [80 1068 122 1068]
line-3 [80 1061 132 1061]
line-4 [188 811 195 811]
line-5 [324 1088 346 1088]
line-6 [15 1074 88 1074]
line-7 [195 810 204 810]
line-8 [534 1096 540 1094]
line-9 [349 1066 373 1066]
line-10 [89 1075 150 1075]
line-11 [269 1078 300 1078]
line-12 [1052 1000 1066 1000]
line-13 [38 818 44 818]
line-14 [0 1081 24 1081]
line-15 [234 1086 253 1086]
line-16 [27 1082 85 1082]
line-17 [460 808 493 808]
line-18 [306 810 312 810]
line-19 [123 1069 185 1069]
line-20 [205 811 212 811]
line-21 [978 1005 986 1005]
line-22 [592 1075 607 1070]
line-23 [334 1073 365 1073]
line-24 [230 809 249 809]
line-25 [446 805 451 805]
line-26 [25 818 33 818]
line-27 [133 1062 192 1062]
line-28 [933 1010 938 1010]
line-29 [179 1085 233 1085]
line-30 [635 1060 645 1057]
line-31 [336 808 352 808]
line-32 [634 799 645 799]
line-33 [768 1023 775 1022]
line-34 [996 1009 1006 1008]
line-35 [923 1011 929 1011]
line-36 [301 1079 325 1079]
line-37 [13 818 21 818]
line-38 [957 1007 962 1007]
line-39 [653 1054 664 1051]
line-40 [497 1111 505 1108]
line-41 [148 1084 178 1084]
line-42 [171 812 179 812]
line-43 [279 1087 308 1087]
line-44 [715 1036 729 1033]
line-45 [506 1107 512 1105]
line-46 [989 1004 994 1004]
line-47 [359 807 364 807]
line-48 [259 811 267 811]
line-49 [550 931 564 925]
line-50 [326 1080 355 1080]
line-51 [951 1008 956 1008]
line-52 [151 1076 191 1076]
line-53 [669 1049 677 1047]
line-54 [250 810 258 810]
line-55 [914 1012 919 1012]
line-56 [738 1030 749 1028]
line-57 [1069 820 1076 820]
line-58 [53 1061 77 1061]
line-59 [61 825 74 825]
line-60 [608 1070 613 1068]
line-61 [541 1094 547 1091]
line-62 [65 1068 79 1068]
line-63 [11 823 21 823]
line-64 [51 824 60 824]
line-65 [483 1118 493 1114]
line-66 [520 952 531 943]
line-67 [391 805 396 805]
line-68 [564 924 578 919]
line-69 [323 807 328 807]
line-70 [687 796 693 796]
line-71 [1002 1003 1013 1003]
line-72 [369 806 377 806]
line-73 [1019 1004 1026 1004]
line-74 [85 814 92 814]
line-75 [777 1021 788 1019]
line-76 [963 1007 975 1006]
line-77 [614 1067 621 1065]
line-78 [877 811 885 811]
line-79 [401 808 406 808]
line-80 [538 939 544 934]
line-81 [899 1014 908 1013]
line-82 [192 1077 206 1077]
line-83 [521 1099 529 1096]
line-84 [1031 1001 1042 1001]
line-85 [1060 819 1068 819]
line-86 [254 1086 259 1086]
line-87 [622 1065 628 1063]
line-88 [292 810 300 810]
line-89 [79 815 84 815]
line-90 [5 820 10 820]
line-91 [860 1005 874 1005]
line-92 [689 1043 696 1041]
