line-0 [102 1075 135 1075]
line-1 [989 1004 1000 1004]
line-2 [172 1085 213 1085]
line-3 [313 1080 345 1080]
line-4 [612 1068 624 1064]
line-5 [93 816 99 816]
line-6 [970 1025 978 1025]
line-7 [142 1062 186 1062]
line-8 [186 811 196 811]
line-9 [1031 1001 1038 1001]
line-10 [54 1061 99 1061]
line-11 [200 1077 228 1077]
line-12 [284 810 295 810]
line-13 [327 808 341 808]
line-14 [1036 1020 1057 1019]
line-15 [845 1007 857 1006]
line-16 [46 1068 91 1068]
line-17 [977 1005 984 1005]
line-18 [347 1073 355 1073]
line-19 [0 1074 61 1074]
line-20 [22 819 44 818]
line-21 [100 815 105 815]
line-22 [1003 1006 1008 1006]
line-23 [232 1078 289 1078]
line-24 [567 1084 576 1081]
line-25 [295 1088 331 1088]
line-26 [1055 1000 1065 1000]
line-27 [15 1082 65 1082]
line-28 [290 1079 312 1079]
line-29 [750 812 764 812]
line-30 [214 1086 267 1086]
line-31 [169 1070 183 1070]
line-32 [723 1034 740 1030]
line-33 [358 1074 368 1074]
line-34 [335 1066 364 1066]
line-35 [951 1027 958 1027]
line-36 [908 1013 915 1013]
line-37 [116 1069 167 1069]
line-38 [969 1006 976 1006]
line-39 [458 808 493 808]
line-40 [635 1060 647 1056]
line-41 [4 820 10 820]
line-42 [885 1016 897 1015]
line-43 [305 810 313 810]
line-44 [175 812 180 812]
line-45 [80 815 87 815]
line-46 [998 1023 1003 1023]
line-47 [495 1112 502 1109]
line-48 [529 1098 535 1096]
line-49 [136 1076 180 1076]
line-50 [399 808 409 808]
line-51 [909 1032 915 1032]
line-52 [66 1083 83 1083]
line-53 [674 1047 683 1045]
line-54 [333 1073 345 1073]
line-55 [1024 1021 1032 1021]
line-56 [558 1087 563 1086]
line-57 [51 824 67 824]
line-58 [947 1008 956 1008]
line-59 [198 811 212 811]
line-60 [411 806 421 806]
line-61 [957 1007 967 1007]
line-62 [979 1024 987 1024]
line-63 [695 1041 708 1038]
line-64 [122 1084 164 1084]
line-65 [772 1022 782 1020]
line-66 [102 1083 112 1083]
line-67 [1061 1018 1078 1017]
line-68 [354 807 362 807]
line-69 [340 1089 348 1089]
line-70 [482 1119 487 1117]
line-71 [764 1024 771 1022]
line-72 [106 1062 141 1062]
line-73 [391 805 396 805]
line-74 [1007 1008 1012 1007]
line-75 [520 1102 525 1100]
line-76 [62 1075 101 1075]
line-77 [113 1083 119 1083]
line-78 [634 799 642 799]
line-79 [934 1029 947 1028]
line-80 [253 811 268 811]
line-81 [314 809 320 809]
line-82 [268 1087 283 1087]
line-83 [1049 1000 1054 1000]
line-84 [345 808 353 808]
line-85 [600 1072 611 1068]
line-86 [346 1081 364 1081]
line-87 [92 1068 106 1068]
line-88 [1002 1003 1013 1003]
line-89 [96 1083 101 1083]
line-90 [709 1038 715 1036]
line-91 [1010 1022 1018 1022]
line-92 [775 807 780 807]
line-93 [1074 1003 1079 1003]
line-94 [934 1010 939 1010]
line-95 [686 1044 692 1042]
line-96 [858 1005 870 1005]
line-97 [921 1011 930 1011]
line-98 [504 1108 513 1104]
line-99 [898 1014 905 1014]
line-100 [11 823 20 823]
line-101 [370 806 377 806]
line-102 [491 813 496 813]
