line-0 [26 1074 82 1074]
line-1 [0 1081 18 1081]
line-2 [250 810 257 810]
line-3 [400 808 407 808]
line-4 [158 1062 192 1062]
line-5 [273 1087 305 1087]
line-6 [968 1006 974 1006]
line-7 [333 1073 363 1073]
line-8 [37 818 44 818]
line-9 [152 1069 184 1069]
line-10 [287 1078 300 1078]
line-11 [306 810 312 810]
line-12 [85 1075 144 1075]
line-13 [188 811 194 811]
line-14 [143 1084 175 1084]
line-15 [49 1068 118 1068]
line-16 [537 1095 560 1087]
line-17 [1056 1000 1066 1000]
line-18 [369 806 377 806]
line-19 [280 809 285 809]
line-20 [53 1061 125 1061]
line-21 [262 1078 277 1078]
line-22 [359 807 364 807]
line-23 [979 1005 1012 1003]
line-24 [231 809 249 809]
line-25 [1019 1004 1028 1004]
line-26 [685 1044 690 1043]
line-27 [459 808 493 808]
line-28 [934 1010 939 1010]
line-29 [188 1077 261 1077]
line-30 [336 808 351 808]
line-31 [915 1012 921 1012]
line-32 [337 1065 343 1065]
line-33 [735 1031 741 1030]
line-34 [89 1083 117 1083]
line-35 [176 1085 230 1085]
line-36 [0 1073 12 1073]
line-37 [258 811 267 811]
line-38 [834 806 840 806]
line-39 [170 812 179 812]
line-40 [1071 999 1079 999]
line-41 [586 1077 604 1071]
line-42 [344 1066 360 1066]
line-43 [991 1009 998 1009]
line-44 [548 933 556 928]
line-45 [483 1118 501 1110]
line-46 [19 1082 80 1082]
line-47 [794 807 802 807]
line-48 [620 1065 625 1064]
line-49 [627 1063 640 1059]
line-50 [751 812 758 812]
line-51 [160 812 165 812]
line-52 [323 1080 359 1080]
line-53 [252 1086 272 1086]
line-54 [1059 819 1067 819]
line-55 [86 814 92 814]
line-56 [309 1088 345 1088]
line-57 [5 820 10 820]
line-58 [908 1013 914 1013]
line-59 [13 818 21 818]
line-60 [777 1021 784 1020]
line-61 [145 1076 187 1076]
line-62 [940 1009 948 1009]
line-63 [802 808 809 808]
line-64 [410 806 416 806]
line-65 [886 810 891 810]
line-66 [1043 1004 1048 1004]
line-67 [204 811 211 811]
line-68 [742 1029 747 1028]
line-69 [126 1062 157 1062]
line-70 [568 923 578 919]
line-71 [733 794 739 794]
line-72 [692 1042 701 1040]
line-73 [391 805 396 805]
line-74 [656 1053 664 1051]
line-75 [531 943 539 938]
line-76 [862 1005 873 1005]
line-77 [119 1069 130 1069]
line-78 [98 815 104 815]
line-79 [301 1079 322 1079]
line-80 [818 806 829 806]
line-81 [999 1009 1004 1008]
line-82 [292 810 300 810]
line-83 [522 1098 529 1096]
line-84 [1061 1004 1069 1004]
line-85 [522 950 528 946]
line-86 [894 1015 903 1014]
line-87 [907 818 914 818]
line-88 [27 818 33 818]
line-89 [580 1079 585 1078]
line-90 [744 809 753 809]
line-91 [132 1084 142 1084]
line-92 [958 1007 967 1007]
line-93 [649 1055 654 1054]
line-94 [877 811 885 811]
line-95 [346 1089 352 1089]
line-96 [1068 820 1076 820]
