line-0 [137 1076 169 1076]
line-1 [120 1084 209 1085]
line-2 [1003 954 1012 954]
line-3 [363 808 369 808]
line-4 [859 942 866 942]
line-5 [1063 999 1073 999]
line-6 [889 1015 912 1013]
line-7 [105 1062 155 1062]
line-8 [107 1069 152 1069]
line-9 [315 1080 346 1080]
line-10 [182 811 205 811]
line-11 [399 808 409 808]
line-12 [62 1075 136 1075]
line-13 [357 1074 368 1074]
line-14 [94 816 100 816]
line-15 [751 812 760 812]
line-16 [629 1062 641 1058]
line-17 [229 1078 289 1078]
line-18 [730 1032 741 1030]
line-19 [176 1077 228 1077]
line-20 [72 1068 86 1068]
line-21 [332 808 342 808]
line-22 [22 819 32 819]
line-23 [921 1011 926 1011]
line-24 [894 945 903 945]
line-25 [977 1005 985 1005]
line-26 [210 1086 266 1086]
line-27 [176 812 181 812]
line-28 [16 1082 65 1082]
line-29 [573 1082 591 1075]
line-30 [929 815 938 815]
line-31 [930 1010 937 1010]
line-32 [482 809 492 809]
line-33 [5 820 13 820]
line-34 [411 806 421 806]
line-35 [445 806 453 806]
line-36 [336 1066 367 1066]
line-37 [2 1074 15 1074]
line-38 [382 808 387 808]
line-39 [236 810 242 810]
line-40 [655 1053 676 1047]
line-41 [974 951 984 951]
line-42 [840 940 846 940]
line-43 [354 807 362 807]
line-44 [1073 821 1079 821]
line-45 [66 1083 119 1083]
line-46 [244 810 253 810]
line-47 [911 946 916 946]
line-48 [458 808 481 808]
line-49 [54 1061 104 1061]
line-50 [751 1027 757 1026]
line-51 [871 943 893 944]
line-52 [768 1023 773 1022]
line-53 [946 949 956 949]
line-54 [551 932 558 928]
line-55 [1037 1001 1044 1001]
line-56 [32 818 46 818]
line-57 [320 808 330 808]
line-58 [745 809 751 809]
line-59 [293 1088 332 1088]
line-60 [1032 823 1038 823]
line-61 [277 810 289 810]
line-62 [16 1074 28 1074]
line-63 [793 807 802 807]
line-64 [495 1112 500 1110]
line-65 [513 1104 524 1100]
line-66 [30 1074 58 1074]
line-67 [986 1004 999 1004]
line-68 [563 926 568 923]
line-69 [710 1037 715 1036]
line-70 [634 799 640 799]
line-71 [688 1043 693 1042]
line-72 [776 807 781 807]
line-73 [938 1009 955 1008]
line-74 [522 1095 528 1093]
line-75 [621 1065 628 1063]
line-76 [563 1085 571 1083]
line-77 [521 1098 527 1096]
line-78 [956 1007 966 1007]
line-79 [87 1068 100 1068]
line-80 [271 809 276 809]
line-81 [533 943 546 934]
line-82 [333 1073 356 1073]
line-83 [333 1089 352 1089]
line-84 [1025 824 1031 824]
line-85 [171 1070 183 1070]
line-86 [347 808 353 808]
line-87 [897 814 902 814]
line-88 [254 811 260 811]
line-89 [267 1087 292 1087]
line-90 [51 1068 69 1068]
line-91 [156 1062 188 1062]
line-92 [52 824 66 824]
line-93 [995 1009 1005 1008]
line-94 [909 819 917 819]
line-95 [1039 1004 1047 1004]
line-96 [347 1081 363 1081]
line-97 [485 1117 490 1115]
line-98 [1000 1003 1010 1003]
line-99 [1055 820 1060 820]
line-100 [761 811 771 811]
line-101 [697 1041 708 1038]
line-102 [632 795 637 795]
line-103 [153 1069 164 1069]
line-104 [531 1097 537 1095]
line-105 [1048 1000 1056 1000]
line-106 [1002 1006 1007 1006]
line-107 [101 815 106 815]
line-108 [641 800 647 800]
line-109 [371 806 376 806]
line-110 [1014 955 1027 956]
line-111 [593 914 600 912]
line-112 [16 818 21 818]
line-113 [1064 820 1072 820]
line-114 [81 815 86 815]
line-115 [918 818 925 818]
line-116 [506 1107 512 1105]
