line-0 [154 1076 183 1076]
line-1 [223 1086 269 1086]
line-2 [347 808 353 808]
line-3 [0 1073 6 1073]
line-4 [429 807 436 807]
line-5 [977 1005 985 1005]
line-6 [254 811 261 811]
line-7 [89 1068 107 1068]
line-8 [447 806 454 806]
line-9 [54 1061 82 1061]
line-10 [320 808 330 808]
line-11 [192 811 206 811]
line-12 [102 1083 121 1083]
line-13 [292 1079 307 1079]
line-14 [571 1082 583 1078]
line-15 [920 1011 927 1011]
line-16 [184 1077 229 1077]
line-17 [119 1069 153 1069]
line-18 [18 1082 63 1082]
line-19 [75 1068 88 1068]
line-20 [7 1074 72 1074]
line-21 [154 1069 170 1069]
line-22 [73 1075 136 1075]
line-23 [986 1004 991 1004]
line-24 [230 1078 291 1078]
line-25 [459 808 476 808]
line-26 [182 1085 210 1085]
line-27 [32 818 45 818]
line-28 [105 1062 191 1062]
line-29 [400 808 410 808]
line-30 [897 1014 919 1012]
line-31 [955 1007 966 1007]
line-32 [276 810 282 810]
line-33 [706 1038 716 1036]
line-34 [81 815 86 815]
line-35 [363 808 369 808]
line-36 [336 1066 365 1066]
line-37 [584 1077 597 1073]
line-38 [1018 1004 1025 1004]
line-39 [101 815 106 815]
line-40 [681 1045 689 1043]
line-41 [306 810 313 810]
line-42 [291 1088 332 1088]
line-43 [122 1084 169 1084]
line-44 [15 818 21 818]
line-45 [635 1060 641 1058]
line-46 [531 1097 539 1094]
line-47 [56 824 64 824]
line-48 [1002 1008 1007 1008]
line-49 [1031 1001 1043 1001]
line-50 [549 1090 556 1088]
line-51 [546 935 555 929]
line-52 [605 1070 612 1068]
line-53 [646 1056 654 1054]
line-54 [617 802 622 802]
line-55 [938 1009 944 1009]
line-56 [412 806 422 806]
line-57 [564 925 572 922]
line-58 [333 1073 356 1073]
line-59 [991 1009 996 1009]
line-60 [691 1042 700 1040]
line-61 [236 810 241 810]
line-62 [494 1112 506 1107]
line-63 [348 1081 363 1081]
line-64 [634 799 641 799]
line-65 [271 809 276 809]
line-66 [94 816 100 816]
line-67 [371 806 377 806]
line-68 [486 1116 494 1113]
line-69 [521 952 538 939]
line-70 [335 1089 343 1089]
line-71 [1039 1004 1047 1004]
line-72 [717 1035 728 1033]
line-73 [176 812 181 812]
line-74 [354 807 362 807]
line-75 [91 1083 101 1083]
line-76 [587 916 594 914]
line-77 [632 795 637 795]
line-78 [613 1067 621 1065]
line-79 [5 820 12 820]
line-80 [311 1080 347 1080]
line-81 [509 1106 520 1101]
line-82 [1044 1000 1051 1000]
line-83 [1054 999 1079 999]
line-84 [182 811 191 811]
line-85 [245 810 253 810]
line-86 [270 1087 290 1087]
line-87 [967 1006 974 1006]
line-88 [600 912 608 910]
line-89 [21 819 31 819]
line-90 [622 1064 634 1060]
line-91 [573 921 580 919]
line-92 [144 1076 153 1076]
line-93 [62 1068 74 1068]
line-94 [265 811 270 811]
line-95 [945 1008 954 1008]
line-96 [1005 1003 1012 1003]
