line-0 [235 1086 266 1086]
line-1 [84 1075 137 1075]
line-2 [977 1005 995 1004]
line-3 [354 807 362 807]
line-4 [808 808 818 808]
line-5 [263 811 269 811]
line-6 [18 1082 65 1082]
line-7 [363 808 369 808]
line-8 [109 1083 123 1083]
line-9 [590 1075 600 1072]
line-10 [920 1011 927 1011]
line-11 [332 808 342 808]
line-12 [336 1066 365 1066]
line-13 [254 811 261 811]
line-14 [124 1084 153 1084]
line-15 [8 1074 42 1074]
line-16 [333 1073 357 1073]
line-17 [347 1081 362 1081]
line-18 [236 1078 264 1078]
line-19 [188 811 206 811]
line-20 [77 1068 118 1068]
line-21 [77 1061 133 1062]
line-22 [412 806 422 806]
line-23 [677 1046 689 1043]
line-24 [277 810 283 810]
line-25 [1073 1003 1079 1003]
line-26 [171 1070 179 1070]
line-27 [341 1089 349 1089]
line-28 [267 1087 293 1087]
line-29 [297 1088 334 1088]
line-30 [721 1034 736 1031]
line-31 [187 1085 211 1085]
line-32 [43 1074 57 1074]
line-33 [459 808 487 808]
line-34 [32 818 41 818]
line-35 [929 1010 934 1010]
line-36 [119 1069 168 1069]
line-37 [158 1076 184 1076]
line-38 [176 812 181 812]
line-39 [654 1053 659 1052]
line-40 [400 808 409 808]
line-41 [515 1103 526 1099]
line-42 [1045 1000 1054 1000]
line-43 [568 923 580 919]
line-44 [702 1039 714 1036]
line-45 [614 1067 632 1061]
line-46 [185 1077 229 1077]
line-47 [265 1078 278 1078]
line-48 [1061 999 1079 999]
line-49 [481 1119 490 1115]
line-50 [566 1084 577 1080]
line-51 [52 824 70 824]
line-52 [488 809 493 809]
line-53 [81 815 88 815]
line-54 [59 1061 76 1061]
line-55 [154 1062 191 1062]
line-56 [69 1083 108 1083]
line-57 [527 947 557 928]
line-58 [945 1008 954 1008]
line-59 [15 818 21 818]
line-60 [1055 999 1060 999]
line-61 [306 810 313 810]
line-62 [173 1085 181 1085]
line-63 [331 1080 346 1080]
line-64 [793 807 802 807]
line-65 [346 808 353 808]
line-66 [767 1023 772 1022]
line-67 [316 1080 330 1080]
line-68 [292 1079 311 1079]
line-69 [446 806 454 806]
line-70 [94 816 106 815]
line-71 [991 1009 999 1009]
line-72 [134 1062 146 1062]
line-73 [548 1091 555 1088]
line-74 [955 1007 966 1007]
line-75 [157 1084 166 1084]
line-76 [487 813 497 813]
line-77 [751 812 761 812]
line-78 [66 818 74 818]
line-79 [221 1086 234 1086]
line-80 [589 915 595 914]
line-81 [903 1013 912 1013]
line-82 [271 809 276 809]
line-83 [494 1112 499 1110]
line-84 [867 1005 874 1005]
line-85 [998 1003 1006 1003]
line-86 [776 807 781 807]
line-87 [581 918 588 916]
line-88 [611 909 618 908]
line-89 [896 1014 902 1014]
line-90 [52 1068 66 1068]
line-91 [660 1052 666 1050]
line-92 [5 820 11 820]
line-93 [22 819 31 819]
line-94 [670 1048 676 1047]
line-95 [557 929 562 926]
line-96 [371 806 378 806]
line-97 [64 1074 69 1074]
