line-0 [78 1083 121 1083]
line-1 [154 1076 185 1076]
line-2 [446 806 454 806]
line-3 [215 1086 257 1086]
line-4 [818 1012 825 1011]
line-5 [118 1069 129 1069]
line-6 [459 808 489 808]
line-7 [90 1075 136 1075]
line-8 [211 1077 229 1077]
line-9 [165 1062 179 1062]
line-10 [411 806 422 806]
line-11 [333 1073 341 1073]
line-12 [599 1072 629 1062]
line-13 [187 811 202 811]
line-14 [400 808 409 808]
line-15 [997 1003 1003 1003]
line-16 [139 1069 172 1069]
line-17 [312 1080 336 1080]
line-18 [32 818 45 818]
line-19 [745 1028 752 1027]
line-20 [975 1005 996 1004]
line-21 [336 1066 370 1066]
line-22 [241 809 249 809]
line-23 [47 1068 117 1068]
line-24 [19 1082 69 1082]
line-25 [561 1086 572 1082]
line-26 [920 1011 927 1011]
line-27 [709 1037 715 1036]
line-28 [346 808 353 808]
line-29 [320 808 326 808]
line-30 [11 1074 75 1074]
line-31 [291 810 296 810]
line-32 [234 1078 290 1078]
line-33 [776 807 781 807]
line-34 [68 1061 96 1061]
line-35 [22 819 32 819]
line-36 [531 944 539 939]
line-37 [15 818 21 818]
line-38 [176 812 181 812]
line-39 [277 1087 295 1087]
line-40 [687 1043 700 1040]
line-41 [945 1008 950 1008]
line-42 [762 1024 769 1023]
line-43 [492 1113 497 1111]
line-44 [120 1062 164 1062]
line-45 [306 810 313 810]
line-46 [1031 1001 1038 1001]
line-47 [793 807 802 807]
line-48 [354 807 362 807]
line-49 [296 1088 335 1088]
line-50 [174 1085 214 1085]
line-51 [991 1009 1006 1008]
line-52 [582 918 588 916]
line-53 [291 1079 311 1079]
line-54 [929 1010 937 1010]
line-55 [122 1084 173 1084]
line-56 [0 1081 18 1081]
line-57 [532 1097 544 1092]
line-58 [363 808 369 808]
line-59 [264 811 269 811]
line-60 [1001 1006 1010 1005]
line-61 [342 1073 354 1073]
line-62 [744 809 755 809]
line-63 [548 933 565 925]
line-64 [52 824 68 824]
line-65 [332 808 341 808]
line-66 [630 1061 663 1051]
line-67 [361 1074 367 1074]
line-68 [277 810 283 810]
line-69 [94 816 100 816]
line-70 [634 799 642 799]
line-71 [956 1007 965 1007]
line-72 [173 1070 183 1070]
line-73 [370 806 376 806]
line-74 [764 811 772 810]
line-75 [1060 999 1079 999]
line-76 [803 1015 811 1014]
line-77 [508 1106 514 1104]
line-78 [938 1009 944 1009]
line-79 [587 1076 592 1074]
line-80 [1072 1003 1079 1003]
line-81 [338 1089 344 1089]
line-82 [254 811 261 811]
line-83 [81 815 86 815]
line-84 [881 811 888 811]
line-85 [917 818 924 818]
line-86 [341 1080 346 1080]
line-87 [97 1061 103 1061]
line-88 [891 1015 900 1014]
line-89 [751 812 759 812]
line-90 [1020 1004 1026 1004]
line-91 [498 1110 506 1107]
line-92 [71 1083 76 1083]
line-93 [87 814 92 814]
line-94 [186 1077 210 1077]
