line-0 [152 1076 188 1076]
line-1 [120 1069 168 1069]
line-2 [90 1061 125 1061]
line-3 [79 1083 118 1083]
line-4 [913 1012 918 1012]
line-5 [337 808 351 808]
line-6 [98 815 106 815]
line-7 [231 809 250 809]
line-8 [1063 999 1076 999]
line-9 [738 1030 744 1029]
line-10 [904 1013 910 1013]
line-11 [277 1087 306 1087]
line-12 [95 1068 109 1068]
line-13 [98 1075 147 1075]
line-14 [189 1077 252 1077]
line-15 [812 808 817 808]
line-16 [795 807 803 807]
line-17 [987 1004 992 1004]
line-18 [582 1078 600 1072]
line-19 [129 1062 192 1062]
line-20 [359 807 365 807]
line-21 [682 797 687 797]
line-22 [160 812 165 812]
line-23 [251 810 257 810]
line-24 [649 1055 663 1051]
line-25 [292 810 300 810]
line-26 [45 1082 78 1082]
line-27 [200 1085 256 1086]
line-28 [531 1097 537 1095]
line-29 [13 1074 82 1074]
line-30 [171 812 179 812]
line-31 [553 1089 573 1082]
line-32 [14 818 23 818]
line-33 [46 1068 78 1068]
line-34 [524 949 545 934]
line-35 [37 818 44 818]
line-36 [138 1084 166 1084]
line-37 [204 811 212 811]
line-38 [423 807 431 807]
line-39 [767 1023 774 1022]
line-40 [287 1078 295 1078]
line-41 [1018 1004 1028 1004]
line-42 [309 1079 331 1080]
line-43 [959 1007 974 1006]
line-44 [369 806 378 806]
line-45 [258 811 267 811]
line-46 [608 1069 618 1066]
line-47 [21 1082 34 1082]
line-48 [310 1088 318 1088]
line-49 [897 1014 903 1014]
line-50 [51 824 61 824]
line-51 [688 796 693 796]
line-52 [726 1033 732 1032]
line-53 [634 799 644 799]
line-54 [858 1005 874 1005]
line-55 [58 1061 86 1061]
line-56 [188 811 195 811]
line-57 [668 1049 679 1046]
line-58 [819 806 830 806]
line-59 [261 1078 279 1078]
line-60 [488 1115 502 1109]
line-61 [552 930 562 926]
line-62 [195 810 203 810]
line-63 [1074 1003 1079 1003]
line-64 [624 1064 638 1059]
line-65 [306 810 312 810]
line-66 [505 1107 512 1105]
line-67 [562 925 567 923]
line-68 [939 1009 945 1009]
line-69 [975 1005 985 1005]
line-70 [62 823 74 823]
line-71 [1008 1007 1014 1006]
line-72 [601 911 606 910]
line-73 [672 799 677 799]
line-74 [172 1069 185 1069]
line-75 [85 814 92 814]
line-76 [391 805 396 805]
line-77 [180 1085 188 1085]
line-78 [11 823 21 823]
line-79 [916 818 921 818]
line-80 [0 1081 20 1081]
line-81 [573 921 593 914]
line-82 [65 818 73 818]
line-83 [908 818 914 818]
line-84 [280 1078 286 1078]
