line-0 [236 1078 288 1078]
line-1 [23 1082 73 1082]
line-2 [342 1089 359 1089]
line-3 [123 1068 143 1069]
line-4 [555 1088 570 1083]
line-5 [292 810 301 810]
line-6 [977 1005 984 1005]
line-7 [308 1088 337 1088]
line-8 [247 1086 265 1086]
line-9 [353 807 363 807]
line-10 [77 1075 140 1075]
line-11 [351 1081 358 1081]
line-12 [803 808 809 808]
line-13 [634 1060 652 1054]
line-14 [240 809 249 809]
line-15 [997 1003 1008 1003]
line-16 [1022 1004 1030 1004]
line-17 [709 1037 719 1035]
line-18 [74 1083 110 1083]
line-19 [340 1066 371 1066]
line-20 [775 1021 787 1019]
line-21 [47 1068 120 1068]
line-22 [335 808 342 808]
line-23 [582 1078 594 1074]
line-24 [667 1049 675 1047]
line-25 [1035 1001 1042 1001]
line-26 [333 1073 364 1073]
line-27 [99 815 106 815]
line-28 [121 1062 163 1062]
line-29 [837 1008 855 1006]
line-30 [187 811 195 811]
line-31 [15 1074 76 1074]
line-32 [125 1084 155 1084]
line-33 [956 1007 964 1007]
line-34 [688 796 693 796]
line-35 [345 808 352 808]
line-36 [204 811 212 811]
line-37 [54 1061 106 1061]
line-38 [111 1083 121 1083]
line-39 [794 807 803 807]
line-40 [206 1085 220 1085]
line-41 [856 1005 864 1005]
line-42 [460 808 494 808]
line-43 [913 1012 935 1010]
line-44 [551 931 575 920]
line-45 [818 1012 830 1010]
line-46 [0 1081 18 1081]
line-47 [15 818 21 818]
line-48 [269 1087 299 1087]
line-49 [481 1119 490 1115]
line-50 [37 818 44 818]
line-51 [501 1109 510 1105]
line-52 [175 812 180 812]
line-53 [698 1040 704 1039]
line-54 [231 809 237 809]
line-55 [490 1114 496 1112]
line-56 [321 1080 350 1080]
line-57 [5 820 10 820]
line-58 [306 810 313 810]
line-59 [369 806 378 806]
line-60 [993 1009 1005 1008]
line-61 [26 819 31 819]
line-62 [775 807 780 807]
line-63 [684 1044 689 1043]
line-64 [1039 1004 1046 1004]
line-65 [634 799 645 799]
line-66 [811 808 817 808]
line-67 [295 1079 320 1079]
line-68 [328 808 333 808]
line-69 [258 811 268 811]
line-70 [760 810 765 810]
line-71 [1054 999 1079 999]
line-72 [944 1008 954 1008]
line-73 [319 808 324 808]
line-74 [753 812 764 812]
line-75 [586 916 593 914]
line-76 [794 1017 801 1016]
line-77 [11 823 21 823]
line-78 [86 814 92 814]
line-79 [623 794 628 794]
line-80 [213 1077 235 1077]
line-81 [229 1086 246 1086]
line-82 [598 912 603 911]
