line-0 [172 1085 213 1085]
line-1 [137 1076 175 1076]
line-2 [320 808 330 808]
line-3 [176 812 181 812]
line-4 [967 1006 974 1006]
line-5 [5 820 11 820]
line-6 [291 1079 310 1079]
line-7 [160 1062 174 1062]
line-8 [78 1083 123 1083]
line-9 [658 1052 669 1049]
line-10 [346 808 353 808]
line-11 [78 1068 118 1068]
line-12 [905 1013 910 1013]
line-13 [705 1038 711 1037]
line-14 [643 1057 655 1053]
line-15 [502 1109 511 1105]
line-16 [306 810 313 810]
line-17 [333 1073 356 1073]
line-18 [354 807 362 807]
line-19 [106 1062 149 1062]
line-20 [28 1074 46 1074]
line-21 [210 1077 228 1077]
line-22 [240 1086 258 1086]
line-23 [762 811 771 811]
line-24 [70 1075 136 1075]
line-25 [263 811 269 811]
line-26 [277 810 283 810]
line-27 [566 924 588 916]
line-28 [929 815 939 815]
line-29 [15 818 21 818]
line-30 [230 1078 290 1078]
line-31 [1066 999 1079 999]
line-32 [459 808 488 808]
line-33 [339 1089 359 1089]
line-34 [528 1098 534 1096]
line-35 [119 1069 167 1069]
line-36 [52 819 62 819]
line-37 [829 806 840 806]
line-38 [458 1115 463 1114]
line-39 [0 1081 17 1081]
line-40 [60 1061 74 1061]
line-41 [226 810 231 810]
line-42 [347 1081 354 1081]
line-43 [332 808 341 808]
line-44 [18 1082 66 1082]
line-45 [81 815 86 815]
line-46 [184 811 206 811]
line-47 [721 1034 732 1032]
line-48 [560 1086 570 1083]
line-49 [975 1005 984 1005]
line-50 [446 806 453 806]
line-51 [313 1080 346 1080]
line-52 [271 809 276 809]
line-53 [124 1084 166 1084]
line-54 [65 818 74 818]
line-55 [55 824 68 824]
line-56 [32 818 45 818]
line-57 [574 1081 583 1078]
line-58 [693 1042 700 1040]
line-59 [531 945 541 937]
line-60 [808 808 818 808]
line-61 [776 807 782 807]
line-62 [183 1062 190 1062]
line-63 [923 1011 936 1010]
line-64 [254 811 261 811]
line-65 [357 1074 368 1074]
line-66 [1032 1001 1042 1001]
line-67 [214 1086 229 1086]
line-68 [1000 1003 1007 1003]
line-69 [988 1004 999 1004]
line-70 [956 1007 966 1007]
line-71 [634 799 641 799]
line-72 [412 806 422 806]
line-73 [1048 1000 1054 1000]
line-74 [336 1066 368 1066]
line-75 [259 1086 267 1086]
line-76 [293 1088 330 1088]
line-77 [765 1024 772 1022]
line-78 [277 1087 292 1087]
line-79 [176 1076 183 1076]
line-80 [245 810 253 810]
line-81 [1074 1003 1079 1003]
line-82 [793 807 803 807]
line-83 [1055 1000 1060 1000]
line-84 [991 1009 999 1009]
line-85 [47 1074 57 1074]
line-86 [488 1115 496 1112]
line-87 [75 1061 90 1061]
line-88 [151 1062 159 1062]
line-89 [191 1077 201 1077]
line-90 [541 938 558 928]
line-91 [889 1015 904 1014]
line-92 [400 808 409 808]
line-93 [371 806 378 806]
line-94 [0 1073 7 1073]
line-95 [670 1049 676 1047]
line-96 [616 1066 621 1065]
line-97 [236 810 241 810]
line-98 [937 1010 945 1009]
line-99 [481 1119 488 1116]
line-100 [69 823 74 823]
line-101 [642 800 649 799]
line-102 [185 1077 190 1077]
line-103 [8 1074 27 1074]
line-104 [47 1068 77 1068]
line-105 [917 818 925 818]
line-106 [946 1008 955 1008]
line-107 [592 914 598 913]
