line-0 [84 1075 140 1075]
line-1 [24 1082 69 1082]
line-2 [142 1084 170 1084]
line-3 [1001 1003 1010 1003]
line-4 [5 820 10 820]
line-5 [291 810 301 810]
line-6 [986 1004 994 1004]
line-7 [574 1081 586 1077]
line-8 [205 811 212 811]
line-9 [46 1068 120 1068]
line-10 [698 1040 711 1037]
line-11 [188 811 195 811]
line-12 [195 810 204 810]
line-13 [775 807 780 807]
line-14 [460 808 494 808]
line-15 [928 1010 944 1009]
line-16 [301 809 306 809]
line-17 [121 1062 192 1062]
line-18 [98 1083 108 1083]
line-19 [171 812 180 812]
line-20 [336 808 352 808]
line-21 [190 1077 216 1077]
line-22 [713 1036 727 1033]
line-23 [411 806 417 806]
line-24 [523 1100 532 1097]
line-25 [46 1074 60 1074]
line-26 [117 1083 127 1083]
line-27 [652 1054 669 1049]
line-28 [148 1076 189 1076]
line-29 [794 807 802 807]
line-30 [121 1069 175 1069]
line-31 [54 1061 116 1061]
line-32 [313 809 319 809]
line-33 [1054 999 1079 999]
line-34 [176 1085 227 1085]
line-35 [86 814 92 814]
line-36 [11 823 16 823]
line-37 [34 1074 45 1074]
line-38 [637 1059 643 1057]
line-39 [15 818 21 818]
line-40 [231 809 250 809]
line-41 [635 799 643 799]
line-42 [1000 1006 1006 1006]
line-43 [52 824 74 823]
line-44 [369 806 378 806]
line-45 [819 806 828 806]
line-46 [494 1112 514 1104]
line-47 [515 1103 520 1102]
line-48 [37 818 44 818]
line-49 [530 944 538 939]
line-50 [560 927 570 922]
line-51 [767 1023 773 1022]
line-52 [1007 1007 1012 1007]
line-53 [217 1077 237 1077]
line-54 [593 1074 603 1071]
line-55 [256 811 267 811]
line-56 [673 799 678 799]
line-57 [989 1009 999 1009]
line-58 [945 1008 954 1008]
line-59 [1023 1004 1031 1004]
line-60 [100 815 106 815]
line-61 [440 805 450 805]
line-62 [889 1015 894 1015]
line-63 [537 939 556 928]
line-64 [904 1013 911 1013]
line-65 [631 1061 636 1060]
line-66 [558 1087 563 1085]
line-67 [391 805 396 805]
line-68 [588 915 596 913]
line-69 [135 1084 141 1084]
line-70 [812 808 817 808]
line-71 [160 812 165 812]
line-72 [65 818 73 818]
line-73 [484 1117 492 1114]
line-74 [401 808 407 808]
line-75 [77 1083 97 1083]
line-76 [802 808 811 807]
line-77 [786 804 791 804]
line-78 [737 1030 743 1029]
line-79 [774 1022 781 1020]
line-80 [61 1074 81 1074]
line-81 [974 1005 983 1005]
line-82 [955 1007 965 1007]
line-83 [0 1073 13 1073]
line-84 [541 1093 551 1090]
line-85 [613 908 619 907]
line-86 [697 798 707 801]
line-87 [748 809 753 809]
line-88 [755 812 761 812]
line-89 [0 1081 20 1081]
