line-0 [179 1085 229 1085]
line-1 [18 1074 40 1074]
line-2 [1002 1003 1008 1003]
line-3 [359 807 365 807]
line-4 [138 1062 190 1062]
line-5 [200 1077 256 1077]
line-6 [461 808 493 808]
line-7 [341 1073 370 1073]
line-8 [90 1068 108 1068]
line-9 [292 810 300 810]
line-10 [322 1088 347 1088]
line-11 [251 810 258 810]
line-12 [105 1083 115 1083]
line-13 [958 1007 966 1007]
line-14 [224 809 250 809]
line-15 [53 1061 134 1061]
line-16 [152 1069 184 1069]
line-17 [42 1074 56 1074]
line-18 [155 1076 165 1076]
line-19 [604 1071 616 1067]
line-20 [27 1082 72 1082]
line-21 [703 1039 708 1038]
line-22 [340 808 350 808]
line-23 [1048 1000 1058 1000]
line-24 [663 1051 680 1046]
line-25 [279 809 286 809]
line-26 [328 1080 339 1080]
line-27 [257 1077 268 1077]
line-28 [292 1087 313 1087]
line-29 [1059 1000 1065 1000]
line-30 [332 807 339 807]
line-31 [11 823 21 823]
line-32 [230 1085 235 1085]
line-33 [90 1083 100 1083]
line-34 [195 810 204 810]
line-35 [1061 1004 1069 1004]
line-36 [617 1067 622 1065]
line-37 [764 1024 771 1023]
line-38 [489 1115 499 1111]
line-39 [25 818 32 818]
line-40 [73 1082 86 1082]
line-41 [92 1075 152 1075]
line-42 [532 1097 542 1093]
line-43 [890 1015 898 1015]
line-44 [553 929 566 924]
line-45 [336 1065 348 1065]
line-46 [412 805 420 805]
line-47 [85 814 93 814]
line-48 [1068 820 1077 820]
line-49 [242 1086 250 1086]
line-50 [269 1078 297 1078]
line-51 [445 805 451 805]
line-52 [682 1045 688 1044]
line-53 [423 807 431 807]
line-54 [149 1084 168 1084]
line-55 [995 1009 1009 1008]
line-56 [349 1066 373 1066]
line-57 [978 1005 990 1005]
line-58 [585 1078 594 1074]
line-59 [340 1080 354 1080]
line-60 [97 815 105 815]
line-61 [77 1074 87 1074]
line-62 [129 1069 151 1069]
line-63 [523 949 549 931]
line-64 [940 1009 947 1009]
line-65 [794 807 799 807]
line-66 [123 1083 133 1083]
line-67 [306 810 311 810]
line-68 [877 811 885 811]
line-69 [1025 1004 1030 1004]
line-70 [915 1012 921 1012]
line-71 [629 1062 637 1060]
line-72 [205 811 211 811]
line-73 [189 811 194 811]
line-74 [59 1068 78 1068]
line-75 [644 1057 652 1055]
line-76 [1019 1004 1024 1004]
line-77 [251 1086 279 1086]
line-78 [1059 819 1067 819]
line-79 [166 1076 182 1076]
line-80 [79 815 84 815]
line-81 [302 1079 327 1079]
line-82 [689 1043 698 1041]
line-83 [634 795 639 795]
line-84 [907 818 914 818]
line-85 [38 818 43 818]
line-86 [3 1081 26 1081]
line-87 [259 811 265 811]
line-88 [171 812 177 812]
line-89 [566 923 572 921]
line-90 [323 807 328 807]
line-91 [1035 1001 1045 1001]
line-92 [13 818 22 818]
line-93 [573 920 586 916]
line-94 [1066 1000 1072 1000]
line-95 [65 1074 75 1074]
line-96 [925 1011 931 1011]
line-97 [183 810 188 810]
line-98 [802 808 808 808]
line-99 [0 1073 16 1073]
line-100 [994 1004 1001 1004]
