line-0 [142 1076 178 1076]
line-1 [90 1083 124 1083]
line-2 [221 1086 255 1086]
line-3 [54 1061 110 1062]
line-4 [242 1078 269 1078]
line-5 [978 1005 1003 1004]
line-6 [256 1086 271 1086]
line-7 [363 1074 368 1074]
line-8 [26 1074 40 1074]
line-9 [45 1068 117 1068]
line-10 [117 1062 192 1062]
line-11 [514 1104 525 1100]
line-12 [679 1046 690 1043]
line-13 [332 1080 352 1080]
line-14 [77 1075 141 1075]
line-15 [204 811 211 811]
line-16 [286 810 301 810]
line-17 [184 1077 241 1077]
line-18 [118 1069 177 1069]
line-19 [460 808 493 808]
line-20 [1006 819 1016 819]
line-21 [410 806 416 806]
line-22 [98 815 105 815]
line-23 [312 1088 330 1088]
line-24 [559 1087 571 1083]
line-25 [950 1008 955 1008]
line-26 [254 811 268 811]
line-27 [18 1082 45 1082]
line-28 [342 1089 350 1089]
line-29 [187 811 195 811]
line-30 [41 1074 76 1074]
line-31 [634 799 642 799]
line-32 [886 1016 906 1014]
line-33 [1047 1000 1059 1000]
line-34 [336 808 351 808]
line-35 [129 1084 172 1084]
line-36 [623 794 628 794]
line-37 [231 809 236 809]
line-38 [353 1073 362 1073]
line-39 [239 809 249 809]
line-40 [391 805 396 805]
line-41 [521 951 528 946]
line-42 [1071 999 1079 999]
line-43 [173 1085 220 1085]
line-44 [346 1066 371 1066]
line-45 [520 1099 529 1096]
line-46 [170 812 180 812]
line-47 [523 1095 530 1092]
line-48 [729 1033 742 1030]
line-49 [399 808 406 808]
line-50 [272 1087 302 1087]
line-51 [495 1112 505 1108]
line-52 [693 1042 701 1040]
line-53 [633 795 638 795]
line-54 [1003 1008 1009 1008]
line-55 [530 944 538 939]
line-56 [664 1051 678 1046]
line-57 [542 936 557 928]
line-58 [589 1076 594 1074]
line-59 [270 1078 292 1078]
line-60 [537 1095 556 1088]
line-61 [755 1026 762 1025]
line-62 [0 1081 17 1081]
line-63 [575 1081 583 1078]
line-64 [653 1054 661 1052]
line-65 [13 818 21 818]
line-66 [1022 823 1032 823]
line-67 [295 1079 315 1079]
line-68 [333 1073 352 1073]
line-69 [632 1061 637 1060]
line-70 [924 1011 948 1009]
line-71 [63 1082 85 1083]
line-72 [369 806 377 806]
line-73 [4 820 10 820]
line-74 [485 1117 495 1113]
line-75 [1004 1003 1014 1003]
line-76 [566 924 573 921]
line-77 [719 1035 724 1034]
line-78 [1016 1005 1025 1004]
line-79 [355 1081 361 1081]
line-80 [959 1007 969 1007]
line-81 [916 818 923 818]
line-82 [1030 1005 1035 1005]
line-83 [600 1072 605 1071]
line-84 [1035 1001 1046 1001]
line-85 [1054 820 1059 820]
