line-0 [177 1085 226 1085]
line-1 [202 1077 258 1077]
line-2 [969 1006 977 1006]
line-3 [97 815 105 815]
line-4 [663 1051 680 1046]
line-5 [95 1068 113 1068]
line-6 [133 1062 178 1062]
line-7 [279 1087 302 1087]
line-8 [223 809 250 809]
line-9 [551 1090 582 1079]
line-10 [41 1082 85 1082]
line-11 [907 1013 912 1013]
line-12 [251 810 258 810]
line-13 [89 1075 150 1075]
line-14 [793 807 802 807]
line-15 [941 1009 949 1009]
line-16 [122 1069 184 1069]
line-17 [13 818 21 818]
line-18 [53 1061 132 1061]
line-19 [461 808 493 808]
line-20 [412 805 420 805]
line-21 [923 1011 929 1011]
line-22 [18 1074 88 1074]
line-23 [84 814 92 814]
line-24 [45 1068 76 1068]
line-25 [687 796 693 796]
line-26 [647 1056 662 1051]
line-27 [349 807 355 807]
line-28 [483 1118 497 1112]
line-29 [354 1073 362 1073]
line-30 [978 1005 985 1005]
line-31 [423 807 431 807]
line-32 [292 1078 300 1078]
line-33 [886 1016 898 1015]
line-34 [589 1076 602 1072]
line-35 [183 1076 190 1076]
line-36 [12 823 21 823]
line-37 [632 1061 644 1057]
line-38 [86 1083 138 1083]
line-39 [25 1082 38 1082]
line-40 [293 810 300 810]
line-41 [765 1024 789 1019]
line-42 [324 1080 354 1080]
line-43 [574 920 580 918]
line-44 [989 1004 1000 1004]
line-45 [25 818 32 818]
line-46 [259 811 266 811]
line-47 [280 809 286 809]
line-48 [523 949 548 932]
line-49 [313 1088 332 1088]
line-50 [682 1045 687 1044]
line-51 [303 1079 310 1079]
line-52 [716 1036 721 1035]
line-53 [1003 1003 1014 1003]
line-54 [235 1086 278 1086]
line-55 [151 1076 166 1076]
line-56 [204 811 211 811]
line-57 [446 805 451 805]
line-58 [1034 1001 1070 1000]
line-59 [334 1073 353 1073]
line-60 [154 814 159 814]
line-61 [854 1006 860 1006]
line-62 [672 799 677 799]
line-63 [351 1066 373 1066]
line-64 [340 808 348 808]
line-65 [581 918 587 915]
line-66 [273 1078 287 1078]
line-67 [502 1109 530 1098]
line-68 [994 1009 1002 1009]
line-69 [959 1007 968 1007]
line-70 [155 1084 176 1084]
line-71 [359 807 364 807]
line-72 [38 818 43 818]
line-73 [1 1081 24 1081]
line-74 [728 1033 734 1032]
line-75 [760 810 767 810]
line-76 [802 808 808 808]
line-77 [633 795 638 795]
line-78 [170 812 178 812]
line-79 [697 1041 704 1039]
line-80 [323 807 328 807]
line-81 [545 1092 550 1090]
line-82 [635 799 644 799]
line-83 [188 811 194 811]
line-84 [933 1010 939 1010]
line-85 [195 810 203 810]
line-86 [332 807 339 807]
line-87 [336 1065 349 1065]
line-88 [861 1005 868 1005]
line-89 [303 1087 309 1087]
line-90 [365 1074 370 1073]
line-91 [785 804 791 804]
line-92 [0 1073 17 1073]
line-93 [1024 1004 1029 1004]
line-94 [171 1076 182 1076]
line-95 [306 810 311 810]
