line-0 [219 1077 264 1077]
line-1 [152 1084 178 1084]
line-2 [0 1073 12 1073]
line-3 [102 1061 131 1061]
line-4 [236 1086 276 1086]
line-5 [991 1004 1000 1004]
line-6 [685 1044 693 1042]
line-7 [439 805 451 805]
line-8 [602 1071 660 1052]
line-9 [340 808 351 808]
line-10 [14 818 22 818]
line-11 [82 1068 116 1068]
line-12 [332 807 339 807]
line-13 [15 1074 89 1074]
line-14 [726 1033 741 1030]
line-15 [360 807 365 807]
line-16 [1059 1000 1066 1000]
line-17 [87 1083 148 1083]
line-18 [30 1082 79 1082]
line-19 [230 809 250 809]
line-20 [160 812 165 812]
line-21 [506 1107 517 1103]
line-22 [281 809 286 809]
line-23 [335 1073 370 1073]
line-24 [179 1085 216 1085]
line-25 [132 1062 192 1062]
line-26 [151 1069 165 1069]
line-27 [636 799 645 799]
line-28 [189 811 194 811]
line-29 [90 1075 150 1075]
line-30 [899 1014 905 1014]
line-31 [251 810 258 810]
line-32 [526 947 538 939]
line-33 [259 811 266 811]
line-34 [803 808 808 808]
line-35 [38 818 44 818]
line-36 [176 1069 184 1069]
line-37 [1050 1000 1058 1000]
line-38 [413 805 420 805]
line-39 [287 1078 301 1078]
line-40 [760 810 766 810]
line-41 [550 1090 565 1085]
line-42 [461 808 493 808]
line-43 [834 806 840 806]
line-44 [336 1088 346 1088]
line-45 [292 810 300 810]
line-46 [947 1008 952 1008]
line-47 [174 1076 191 1076]
line-48 [557 928 562 926]
line-49 [594 913 600 911]
line-50 [1002 1008 1008 1008]
line-51 [767 1023 774 1022]
line-52 [958 1007 966 1007]
line-53 [53 1061 101 1061]
line-54 [634 795 639 795]
line-55 [1019 1004 1030 1004]
line-56 [279 1087 309 1087]
line-57 [751 1027 766 1024]
line-58 [800 1016 817 1013]
line-59 [195 810 203 810]
line-60 [25 818 32 818]
line-61 [1069 820 1077 820]
line-62 [4 1081 29 1081]
line-63 [129 1069 147 1069]
line-64 [891 1022 896 1022]
line-65 [534 1096 540 1094]
line-66 [303 1079 324 1079]
line-67 [577 919 591 914]
line-68 [12 823 21 823]
line-69 [976 1005 981 1005]
line-70 [860 1005 874 1005]
line-71 [591 1075 597 1073]
line-72 [797 807 803 807]
line-73 [818 806 829 806]
line-74 [51 824 59 824]
line-75 [201 1077 211 1077]
line-76 [423 807 431 807]
line-77 [1074 1003 1079 1003]
line-78 [306 810 312 810]
line-79 [1032 1001 1045 1001]
line-80 [171 812 178 812]
line-81 [931 1010 936 1010]
line-82 [325 1080 360 1080]
line-83 [546 934 555 929]
line-84 [204 811 211 811]
line-85 [995 1009 1000 1009]
line-86 [50 1068 57 1068]
line-87 [520 1097 525 1094]
line-88 [982 1005 987 1005]
line-89 [940 1009 946 1009]
line-90 [523 1100 528 1098]
line-91 [350 1066 373 1066]
line-92 [1059 819 1068 819]
line-93 [877 811 886 811]
line-94 [98 815 104 815]
line-95 [913 1012 930 1011]
line-96 [347 1089 357 1089]
line-97 [65 818 73 818]
line-98 [569 1083 576 1081]
line-99 [58 1068 76 1068]
line-100 [310 1088 318 1088]
line-101 [217 1085 224 1085]
line-102 [183 810 188 810]
line-103 [812 808 817 808]
