line-0 [15 1074 70 1074]
line-1 [85 1083 137 1083]
line-2 [313 1088 341 1088]
line-3 [1063 1000 1079 999]
line-4 [912 1012 918 1012]
line-5 [149 1062 192 1062]
line-6 [230 809 250 809]
line-7 [603 1071 615 1067]
line-8 [40 1082 84 1082]
line-9 [259 811 266 811]
line-10 [989 1004 997 1004]
line-11 [790 1018 806 1015]
line-12 [126 1069 181 1069]
line-13 [337 808 351 808]
line-14 [369 806 378 806]
line-15 [292 810 300 810]
line-16 [539 1094 553 1089]
line-17 [85 1075 150 1075]
line-18 [45 1068 121 1068]
line-19 [360 807 365 807]
line-20 [222 1077 250 1077]
line-21 [461 808 494 808]
line-22 [905 1013 911 1013]
line-23 [924 1011 929 1011]
line-24 [678 1046 684 1044]
line-25 [1039 1004 1047 1004]
line-26 [13 818 22 818]
line-27 [629 1062 639 1059]
line-28 [216 1085 224 1085]
line-29 [253 1078 302 1078]
line-30 [495 1112 505 1108]
line-31 [98 815 106 815]
line-32 [53 1061 126 1061]
line-33 [189 811 195 811]
line-34 [734 1031 740 1030]
line-35 [947 1008 966 1007]
line-36 [423 807 431 807]
line-37 [719 1035 728 1033]
line-38 [1069 820 1077 820]
line-39 [1018 1004 1030 1004]
line-40 [324 1080 358 1080]
line-41 [751 1027 761 1025]
line-42 [580 918 586 916]
line-43 [156 1076 184 1076]
line-44 [506 1107 519 1102]
line-45 [232 1086 256 1086]
line-46 [51 824 60 824]
line-47 [154 1084 176 1084]
line-48 [37 818 43 818]
line-49 [623 1064 628 1063]
line-50 [819 806 829 806]
line-51 [688 1043 693 1042]
line-52 [177 1085 215 1085]
line-53 [795 807 803 807]
line-54 [530 944 544 935]
line-55 [313 809 319 809]
line-56 [251 810 258 810]
line-57 [640 1058 659 1052]
line-58 [160 812 165 812]
line-59 [281 809 286 809]
line-60 [704 1039 711 1037]
line-61 [525 948 532 943]
line-62 [809 1014 822 1012]
line-63 [278 1087 306 1087]
line-64 [85 814 92 814]
line-65 [991 1009 999 1009]
line-66 [391 805 396 805]
line-67 [745 809 753 809]
line-68 [11 823 21 823]
line-69 [25 818 33 818]
line-70 [439 805 451 805]
line-71 [1001 1006 1007 1006]
line-72 [1000 1003 1012 1003]
line-73 [3 1081 12 1081]
line-74 [569 1083 578 1080]
line-75 [858 1005 874 1005]
line-76 [635 799 645 799]
line-77 [13 1081 22 1081]
line-78 [803 808 808 808]
line-79 [688 796 693 796]
line-80 [760 810 766 810]
line-81 [1056 819 1068 819]
line-82 [204 811 211 811]
line-83 [573 921 579 918]
line-84 [830 1010 836 1009]
line-85 [303 1079 323 1079]
line-86 [634 795 639 795]
line-87 [191 1077 202 1077]
line-88 [196 810 203 810]
line-89 [938 1009 946 1009]
line-90 [171 812 179 812]
line-91 [909 818 914 818]
line-92 [130 1062 148 1062]
line-93 [975 1005 986 1005]
line-94 [65 823 74 823]
line-95 [780 1020 786 1019]
line-96 [672 799 677 799]
line-97 [350 1089 360 1089]
line-98 [31 1082 39 1082]
