line-0 [43 1074 72 1074]
line-1 [78 1061 134 1061]
line-2 [152 1084 178 1084]
line-3 [223 809 250 809]
line-4 [280 1087 310 1087]
line-5 [1003 1003 1015 1002]
line-6 [59 1082 89 1082]
line-7 [412 805 420 805]
line-8 [682 1045 691 1043]
line-9 [16 1074 40 1074]
line-10 [237 1077 265 1077]
line-11 [138 1062 192 1062]
line-12 [84 814 92 814]
line-13 [251 810 258 810]
line-14 [405 807 410 807]
line-15 [754 808 759 808]
line-16 [423 807 431 807]
line-17 [1070 1017 1079 1017]
line-18 [235 1086 279 1086]
line-19 [91 1075 156 1075]
line-20 [340 808 350 808]
line-21 [1069 820 1077 820]
line-22 [92 1068 125 1068]
line-23 [756 1026 767 1024]
line-24 [332 807 339 807]
line-25 [1019 1004 1028 1004]
line-26 [134 1069 184 1069]
line-27 [90 1083 151 1083]
line-28 [359 807 365 807]
line-29 [578 1080 587 1077]
line-30 [97 815 105 815]
line-31 [856 942 864 942]
line-32 [334 1073 342 1073]
line-33 [13 818 32 818]
line-34 [933 1010 939 1010]
line-35 [633 1061 643 1058]
line-36 [259 811 266 811]
line-37 [942 1009 949 1009]
line-38 [760 810 767 810]
line-39 [338 1080 362 1080]
line-40 [493 1113 508 1107]
line-41 [179 1085 234 1085]
line-42 [559 927 567 923]
line-43 [28 1082 45 1082]
line-44 [228 1077 236 1077]
line-45 [445 805 451 805]
line-46 [462 808 480 808]
line-47 [65 1068 76 1068]
line-48 [481 808 493 808]
line-49 [159 812 165 812]
line-50 [602 1072 611 1069]
line-51 [867 943 877 943]
line-52 [311 1088 346 1088]
line-53 [997 1004 1002 1004]
line-54 [544 935 557 927]
line-55 [1004 1022 1015 1022]
line-56 [292 810 300 810]
line-57 [210 1077 227 1077]
line-58 [273 1078 302 1078]
line-59 [351 1066 373 1066]
line-60 [636 799 645 799]
line-61 [157 1076 189 1076]
line-62 [926 1011 931 1011]
line-63 [1059 819 1068 819]
line-64 [621 1065 632 1062]
line-65 [11 823 21 823]
line-66 [687 796 693 796]
line-67 [1047 1000 1058 1000]
line-68 [279 809 286 809]
line-69 [323 807 328 807]
line-70 [482 1119 489 1116]
line-71 [979 1005 985 1005]
line-72 [343 1073 369 1073]
line-73 [886 810 891 810]
line-74 [907 1013 914 1013]
line-75 [527 1099 538 1095]
line-76 [659 1052 664 1051]
line-77 [888 945 900 945]
line-78 [877 811 884 811]
line-79 [542 1093 553 1089]
line-80 [1065 1000 1070 1000]
line-81 [195 810 204 810]
line-82 [1016 1022 1021 1022]
line-83 [312 809 319 809]
line-84 [634 795 639 795]
line-85 [777 806 782 806]
line-86 [347 1089 353 1089]
line-87 [3 1081 27 1081]
line-88 [588 1076 597 1073]
line-89 [53 1061 65 1061]
line-90 [1022 1021 1035 1021]
line-91 [991 1004 996 1004]
line-92 [993 1009 1001 1009]
line-93 [521 1099 530 1096]
line-94 [803 808 808 808]
line-95 [948 819 953 819]
line-96 [742 808 749 808]
line-97 [894 807 899 807]
line-98 [183 810 188 810]
line-99 [82 1068 91 1068]
line-100 [306 810 311 810]
line-101 [527 947 536 939]
line-102 [340 1065 350 1065]
line-103 [833 940 843 940]
line-104 [901 1014 906 1014]
line-105 [866 1005 872 1005]
line-106 [756 812 763 812]
line-107 [303 1079 326 1079]
line-108 [1062 1018 1069 1018]
line-109 [908 818 914 818]
