line-0 [239 1078 284 1078]
line-1 [15 1082 55 1082]
line-2 [333 1073 350 1073]
line-3 [253 811 260 811]
line-4 [966 1006 973 1006]
line-5 [296 1088 324 1088]
line-6 [566 1084 575 1081]
line-7 [21 819 31 819]
line-8 [182 811 205 811]
line-9 [758 1025 765 1024]
line-10 [53 1075 129 1075]
line-11 [131 1062 180 1062]
line-12 [344 1081 356 1081]
line-13 [808 808 817 808]
line-14 [722 1034 739 1030]
line-15 [347 808 353 808]
line-16 [16 1074 30 1074]
line-17 [47 1068 106 1068]
line-18 [336 1066 366 1066]
line-19 [1057 999 1066 999]
line-20 [55 1061 102 1061]
line-21 [164 1085 203 1085]
line-22 [634 799 641 799]
line-23 [411 806 422 806]
line-24 [582 1078 591 1075]
line-25 [742 809 755 809]
line-26 [56 1083 111 1083]
line-27 [399 808 410 808]
line-28 [204 1086 263 1086]
line-29 [793 807 802 807]
line-30 [179 1077 221 1077]
line-31 [93 816 100 816]
line-32 [648 1055 653 1054]
line-33 [276 810 294 810]
line-34 [107 1069 156 1069]
line-35 [1067 999 1079 999]
line-36 [596 1073 603 1071]
line-37 [833 1009 841 1008]
line-38 [112 1084 163 1084]
line-39 [492 1113 504 1108]
line-40 [1018 1004 1030 1004]
line-41 [35 1074 52 1074]
line-42 [137 1076 165 1076]
line-43 [956 1007 965 1007]
line-44 [322 808 329 808]
line-45 [529 945 539 939]
line-46 [974 1005 986 1005]
line-47 [176 812 181 812]
line-48 [524 1094 531 1092]
line-49 [1000 1008 1007 1008]
line-50 [157 1070 184 1070]
line-51 [311 1080 343 1080]
line-52 [354 807 361 807]
line-53 [540 1093 548 1091]
line-54 [325 1089 352 1089]
line-55 [621 1065 629 1062]
line-56 [80 815 93 815]
line-57 [945 1008 955 1008]
line-58 [371 806 376 806]
line-59 [264 1087 289 1087]
line-60 [823 807 828 807]
line-61 [510 1105 517 1103]
line-62 [861 1005 875 1005]
line-63 [987 1004 997 1004]
line-64 [897 1014 902 1014]
line-65 [265 811 270 811]
line-66 [285 1079 310 1079]
line-67 [917 818 926 818]
line-68 [382 808 388 808]
line-69 [244 709 258 693]
line-70 [555 929 560 927]
line-71 [1055 820 1060 820]
line-72 [362 808 368 808]
line-73 [236 810 241 810]
line-74 [1031 823 1038 823]
line-75 [1045 1000 1056 1000]
line-76 [911 819 917 819]
line-77 [616 802 621 802]
line-78 [103 1062 120 1062]
line-79 [524 1100 529 1098]
line-80 [1002 1006 1007 1006]
line-81 [561 927 574 921]
line-82 [557 1087 563 1085]
line-83 [230 729 238 719]
line-84 [1074 1003 1079 1003]
line-85 [918 1012 923 1011]
line-86 [305 810 313 810]
line-87 [829 806 835 806]
line-88 [1030 1001 1042 1001]
line-89 [991 1009 999 1009]
line-90 [332 808 342 808]
line-91 [32 818 45 818]
line-92 [538 939 554 930]
line-93 [80 823 85 823]
line-94 [776 807 781 807]
