line-0 [15 1074 71 1074]
line-1 [73 1083 121 1083]
line-2 [0 1073 9 1073]
line-3 [107 1062 192 1062]
line-4 [46 1068 119 1068]
line-5 [976 1005 982 1005]
line-6 [953 1007 959 1007]
line-7 [52 819 61 819]
line-8 [446 806 453 806]
line-9 [593 1074 611 1068]
line-10 [227 1078 239 1078]
line-11 [459 808 490 808]
line-12 [757 1025 785 1019]
line-13 [382 808 387 808]
line-14 [73 1075 136 1075]
line-15 [277 810 283 810]
line-16 [182 811 206 811]
line-17 [1039 1004 1045 1004]
line-18 [634 799 642 799]
line-19 [927 1010 932 1010]
line-20 [305 810 313 810]
line-21 [52 824 61 824]
line-22 [793 807 802 807]
line-23 [963 1006 969 1006]
line-24 [412 806 422 806]
line-25 [122 1084 172 1084]
line-26 [0 1081 18 1081]
line-27 [55 1061 106 1061]
line-28 [683 1044 691 1042]
line-29 [120 1069 167 1069]
line-30 [496 1111 501 1109]
line-31 [354 807 362 807]
line-32 [998 1003 1006 1003]
line-33 [1050 1002 1056 1002]
line-34 [692 1042 702 1039]
line-35 [184 1077 226 1077]
line-36 [1052 999 1060 999]
line-37 [22 819 45 818]
line-38 [485 1116 496 1112]
line-39 [636 1059 648 1055]
line-40 [137 1076 183 1076]
line-41 [594 910 601 909]
line-42 [502 1108 518 1102]
line-43 [1007 1003 1014 1002]
line-44 [363 808 368 808]
line-45 [19 1082 67 1082]
line-46 [544 935 553 931]
line-47 [640 903 648 902]
line-48 [943 1008 948 1008]
line-49 [573 1081 585 1077]
line-50 [176 812 181 812]
line-51 [595 913 601 912]
line-52 [587 916 594 914]
line-53 [346 808 353 808]
line-54 [984 1009 989 1009]
line-55 [399 808 409 808]
line-56 [716 1035 721 1034]
line-57 [264 811 270 811]
line-58 [519 1101 526 1099]
line-59 [15 818 21 818]
line-60 [521 952 541 937]
line-61 [776 807 781 807]
line-62 [173 1085 211 1085]
line-63 [619 1065 624 1063]
line-64 [751 812 763 812]
line-65 [94 816 101 816]
line-66 [673 1047 681 1045]
line-67 [811 808 817 808]
line-68 [1063 999 1073 999]
line-69 [610 909 621 907]
line-70 [558 928 563 926]
line-71 [212 1086 217 1086]
line-72 [612 906 618 905]
line-73 [332 808 341 808]
line-74 [370 806 377 806]
line-75 [736 1030 742 1029]
line-76 [526 1093 531 1092]
line-77 [892 1015 901 1014]
line-78 [567 1084 572 1082]
line-79 [530 1097 539 1094]
line-80 [983 1004 994 1004]
line-81 [62 824 69 824]
line-82 [750 814 764 814]
line-83 [1006 819 1016 819]
line-84 [544 1092 551 1089]
line-85 [1074 999 1079 999]
line-86 [490 813 497 813]
line-87 [80 815 87 815]
line-88 [253 811 260 811]
line-89 [910 819 916 819]
line-90 [218 1086 240 1086]
