line-0 [82 1075 133 1075]
line-1 [299 1088 329 1088]
line-2 [122 1084 165 1084]
line-3 [382 808 388 808]
line-4 [311 1080 343 1080]
line-5 [336 1066 366 1066]
line-6 [333 1073 355 1073]
line-7 [105 1062 181 1062]
line-8 [21 819 32 819]
line-9 [332 808 342 808]
line-10 [56 1083 74 1083]
line-11 [636 1059 652 1054]
line-12 [909 1012 916 1012]
line-13 [285 810 294 810]
line-14 [237 1078 265 1078]
line-15 [610 1068 625 1063]
line-16 [459 808 480 808]
line-17 [444 806 453 806]
line-18 [5 1074 61 1074]
line-19 [151 1076 161 1076]
line-20 [679 1045 692 1042]
line-21 [718 793 728 793]
line-22 [954 1007 970 1006]
line-23 [1064 999 1072 999]
line-24 [354 807 361 807]
line-25 [265 811 270 811]
line-26 [67 1068 109 1068]
line-27 [34 1082 55 1082]
line-28 [412 806 422 806]
line-29 [173 1076 179 1076]
line-30 [0 1081 17 1081]
line-31 [55 1061 104 1061]
line-32 [530 1097 549 1090]
line-33 [209 1086 264 1086]
line-34 [809 808 818 808]
line-35 [998 1003 1006 1003]
line-36 [750 812 761 812]
line-37 [732 1031 759 1025]
line-38 [348 1089 353 1089]
line-39 [180 1077 225 1077]
line-40 [362 808 369 808]
line-41 [288 1079 306 1079]
line-42 [118 1069 159 1069]
line-43 [894 1014 900 1014]
line-44 [253 811 261 811]
line-45 [927 1010 934 1010]
line-46 [166 1085 203 1085]
line-47 [794 807 802 807]
line-48 [182 811 205 811]
line-49 [563 1085 582 1078]
line-50 [176 812 181 812]
line-51 [336 1089 344 1089]
line-52 [399 808 409 808]
line-53 [265 1087 290 1087]
line-54 [160 1070 183 1070]
line-55 [971 1005 979 1005]
line-56 [878 814 883 814]
line-57 [1024 1004 1031 1004]
line-58 [93 816 101 816]
line-59 [1050 999 1063 999]
line-60 [992 1009 1001 1008]
line-61 [501 1109 515 1103]
line-62 [33 818 46 818]
line-63 [980 1004 992 1004]
line-64 [1055 820 1061 820]
line-65 [520 1098 530 1095]
line-66 [675 799 680 799]
line-67 [18 1082 33 1082]
line-68 [776 807 781 807]
line-69 [943 1008 950 1008]
line-70 [305 810 313 810]
line-71 [673 1047 678 1046]
line-72 [1011 1006 1016 1005]
line-73 [347 808 353 808]
line-74 [595 1073 603 1071]
line-75 [481 1119 490 1114]
line-76 [75 1083 117 1083]
line-77 [1049 1002 1055 1002]
line-78 [910 819 917 819]
line-79 [634 799 641 799]
line-80 [782 1019 789 1018]
line-81 [182 1063 190 1063]
line-82 [321 808 329 808]
line-83 [724 1033 731 1032]
line-84 [935 1009 940 1009]
line-85 [493 1113 500 1109]
line-86 [917 818 924 818]
line-87 [1007 1002 1014 1002]
