line-0 [174 1077 226 1077]
line-1 [14 1082 62 1082]
line-2 [1033 1001 1044 1001]
line-3 [292 1079 329 1080]
line-4 [63 1068 107 1068]
line-5 [203 811 212 811]
line-6 [108 1069 172 1069]
line-7 [913 1012 919 1012]
line-8 [785 1019 792 1018]
line-9 [268 1087 293 1087]
line-10 [139 1084 167 1084]
line-11 [187 811 196 811]
line-12 [125 1062 181 1062]
line-13 [750 812 760 812]
line-14 [93 816 99 816]
line-15 [939 1009 946 1009]
line-16 [411 806 422 806]
line-17 [603 1071 615 1067]
line-18 [793 807 802 807]
line-19 [346 808 353 808]
line-20 [1 1074 71 1074]
line-21 [239 1078 267 1078]
line-22 [1022 823 1027 823]
line-23 [691 1042 697 1041]
line-24 [550 1090 556 1088]
line-25 [750 1027 761 1025]
line-26 [352 1066 370 1066]
line-27 [66 1083 119 1083]
line-28 [399 808 408 808]
line-29 [72 1075 134 1075]
line-30 [241 809 248 809]
line-31 [54 1061 102 1061]
line-32 [891 1015 897 1015]
line-33 [977 1005 995 1004]
line-34 [354 807 362 807]
line-35 [263 811 268 811]
line-36 [370 806 377 806]
line-37 [22 819 31 819]
line-38 [294 1088 309 1088]
line-39 [214 1086 265 1086]
line-40 [511 1105 527 1099]
line-41 [632 1061 656 1053]
line-42 [767 1023 780 1020]
line-43 [135 1076 173 1076]
line-44 [659 1052 679 1046]
line-45 [175 812 180 812]
line-46 [276 810 282 810]
line-47 [80 815 86 815]
line-48 [459 808 487 808]
line-49 [1006 819 1015 819]
line-50 [434 807 439 807]
line-51 [549 932 564 925]
line-52 [170 1085 199 1085]
line-53 [249 810 254 810]
line-54 [572 1082 581 1079]
line-55 [331 808 342 808]
line-56 [565 924 577 920]
line-57 [595 913 607 910]
line-58 [617 1066 631 1062]
line-59 [962 1007 967 1007]
line-60 [333 1073 361 1073]
line-61 [910 819 917 819]
line-62 [32 818 45 818]
line-63 [306 810 312 810]
line-64 [879 811 886 811]
line-65 [529 946 543 935]
line-66 [1066 999 1079 999]
line-67 [706 1038 712 1037]
line-68 [739 1030 744 1029]
line-69 [947 1008 956 1008]
line-70 [593 1074 602 1071]
line-71 [775 807 780 807]
line-72 [860 1005 874 1005]
line-73 [933 815 938 815]
line-74 [762 811 770 811]
line-75 [348 1081 364 1081]
line-76 [482 1119 501 1109]
line-77 [255 811 261 811]
line-78 [723 1034 728 1033]
line-79 [320 1088 334 1088]
line-80 [819 806 825 806]
line-81 [1030 823 1035 823]
line-82 [1004 1008 1012 1007]
line-83 [1019 1004 1025 1004]
line-84 [4 820 11 820]
line-85 [100 815 105 815]
line-86 [521 952 530 944]
line-87 [335 1089 355 1089]
line-88 [120 1084 138 1084]
line-89 [202 1085 210 1085]
line-90 [15 818 21 818]
line-91 [905 1013 912 1013]
line-92 [917 818 924 818]
line-93 [363 808 368 808]
line-94 [932 1010 938 1010]
line-95 [807 808 817 808]
line-96 [999 1003 1010 1003]
line-97 [1073 821 1079 821]
line-98 [680 1046 686 1044]
