line-0 [141 1076 186 1076]
line-1 [90 1083 124 1083]
line-2 [54 1061 106 1061]
line-3 [459 808 491 808]
line-4 [954 1007 961 1007]
line-5 [1025 1001 1034 1001]
line-6 [918 1011 924 1011]
line-7 [108 1062 192 1062]
line-8 [642 1057 649 1055]
line-9 [369 806 377 806]
line-10 [175 1085 210 1085]
line-11 [346 808 353 808]
line-12 [986 1004 993 1004]
line-13 [94 816 100 816]
line-14 [254 811 269 811]
line-15 [76 1068 119 1068]
line-16 [137 1069 151 1069]
line-17 [204 811 212 811]
line-18 [680 1045 688 1043]
line-19 [888 1015 901 1014]
line-20 [411 806 422 806]
line-21 [332 808 342 808]
line-22 [563 1085 577 1080]
line-23 [21 1074 39 1074]
line-24 [173 1070 183 1070]
line-25 [18 1082 55 1082]
line-26 [728 1032 743 1029]
line-27 [80 815 86 815]
line-28 [240 809 249 809]
line-29 [539 1094 546 1091]
line-30 [308 1079 316 1079]
line-31 [776 807 781 807]
line-32 [817 1012 829 1010]
line-33 [232 1078 292 1078]
line-34 [446 806 454 806]
line-35 [296 1088 309 1088]
line-36 [60 1074 74 1074]
line-37 [75 1075 140 1075]
line-38 [220 1086 267 1086]
line-39 [972 1005 983 1005]
line-40 [555 929 560 927]
line-41 [354 807 362 807]
line-42 [125 1084 168 1084]
line-43 [50 1074 59 1074]
line-44 [808 1014 816 1013]
line-45 [15 818 21 818]
line-46 [601 1071 614 1067]
line-47 [101 815 106 815]
line-48 [589 1075 597 1073]
line-49 [188 1077 231 1077]
line-50 [490 1114 499 1110]
line-51 [793 807 803 807]
line-52 [607 910 612 909]
line-53 [766 1023 773 1022]
line-54 [988 1009 997 1009]
line-55 [1000 1006 1005 1006]
line-56 [276 810 282 810]
line-57 [744 809 754 809]
line-58 [694 1041 699 1040]
line-59 [943 1008 953 1008]
line-60 [564 925 571 922]
line-61 [40 1074 49 1074]
line-62 [175 812 181 812]
line-63 [628 1062 639 1058]
line-64 [268 1087 295 1087]
line-65 [623 794 628 794]
line-66 [21 819 30 819]
line-67 [186 811 196 811]
line-68 [120 1069 136 1069]
line-69 [306 810 313 810]
line-70 [400 808 409 808]
line-71 [634 799 642 799]
line-72 [621 907 631 905]
line-73 [527 947 549 932]
line-74 [74 1083 83 1083]
line-75 [902 1013 911 1013]
line-76 [880 811 887 811]
line-77 [1052 999 1079 999]
line-78 [1010 1002 1015 1002]
line-79 [1039 1004 1046 1004]
line-80 [632 795 637 795]
line-81 [320 808 325 808]
line-82 [32 818 45 818]
line-83 [830 1010 835 1009]
line-84 [994 1003 1006 1003]
line-85 [525 1099 534 1096]
line-86 [748 1028 756 1026]
line-87 [512 1104 521 1101]
line-88 [10 1074 20 1074]
line-89 [599 912 606 910]
line-90 [751 812 760 812]
line-91 [363 808 368 808]
line-92 [811 808 817 808]
line-93 [313 826 326 826]
line-94 [964 1006 971 1006]
line-95 [819 806 824 806]
line-96 [152 1069 172 1069]
