line-0 [151 1076 179 1076]
line-1 [180 1085 229 1085]
line-2 [5 820 10 820]
line-3 [153 1062 192 1062]
line-4 [281 809 286 809]
line-5 [322 1080 339 1080]
line-6 [240 809 250 809]
line-7 [53 1061 121 1061]
line-8 [460 808 494 808]
line-9 [128 1069 164 1069]
line-10 [97 1083 107 1083]
line-11 [16 1074 49 1074]
line-12 [401 808 406 808]
line-13 [924 1011 930 1011]
line-14 [775 807 780 807]
line-15 [898 945 905 945]
line-16 [204 811 212 811]
line-17 [497 1111 502 1109]
line-18 [722 1034 737 1031]
line-19 [1006 1003 1012 1003]
line-20 [46 1068 127 1068]
line-21 [987 1004 993 1004]
line-22 [615 1067 630 1062]
line-23 [26 1082 77 1082]
line-24 [85 1075 145 1075]
line-25 [986 952 993 952]
line-26 [234 1086 242 1086]
line-27 [188 811 195 811]
line-28 [1018 1004 1024 1004]
line-29 [1033 957 1041 957]
line-30 [504 1108 512 1105]
line-31 [215 1077 247 1077]
line-32 [37 818 45 818]
line-33 [344 1089 358 1089]
line-34 [919 947 933 947]
line-35 [256 811 266 811]
line-36 [1025 1004 1030 1004]
line-37 [248 1078 298 1078]
line-38 [353 807 364 807]
line-39 [1051 959 1059 959]
line-40 [299 1087 306 1087]
line-41 [0 1073 15 1073]
line-42 [796 807 803 807]
line-43 [550 1090 565 1085]
line-44 [951 1008 956 1008]
line-45 [14 818 22 818]
line-46 [646 1056 659 1052]
line-47 [251 1086 259 1086]
line-48 [688 796 693 796]
line-49 [363 1066 373 1066]
line-50 [336 808 352 808]
line-51 [158 1084 176 1084]
line-52 [976 1005 986 1005]
line-53 [299 1079 321 1079]
line-54 [194 1077 204 1077]
line-55 [411 806 417 806]
line-56 [533 943 545 934]
line-57 [1027 956 1032 956]
line-58 [881 944 892 944]
line-59 [51 1074 65 1074]
line-60 [306 810 312 810]
line-61 [1046 1000 1079 999]
line-62 [933 815 939 815]
line-63 [572 1082 581 1079]
line-64 [934 947 956 949]
line-65 [803 808 808 808]
line-66 [855 1006 864 1005]
line-67 [292 810 301 810]
line-68 [957 1007 966 1007]
line-69 [786 804 791 804]
line-70 [685 1044 693 1042]
line-71 [979 951 985 951]
line-72 [171 812 180 812]
line-73 [127 1062 145 1062]
line-74 [275 1087 298 1087]
line-75 [819 806 831 806]
line-76 [763 1024 770 1023]
line-77 [205 1077 214 1077]
line-78 [307 1088 343 1088]
line-79 [108 1083 131 1083]
line-80 [917 818 923 818]
line-81 [369 806 377 806]
line-82 [710 1037 717 1036]
line-83 [605 1070 610 1069]
line-84 [487 1116 494 1113]
line-85 [99 815 106 815]
line-86 [592 914 598 912]
line-87 [345 1080 355 1080]
line-88 [1015 955 1021 955]
line-89 [634 799 643 799]
line-90 [546 934 565 924]
line-91 [908 1013 913 1013]
line-92 [0 1081 25 1081]
line-93 [349 1066 362 1066]
line-94 [751 1027 762 1025]
line-95 [459 1115 464 1114]
line-96 [897 1014 904 1014]
line-97 [78 1083 89 1083]
line-98 [1001 1008 1012 1007]
line-99 [572 921 582 918]
line-100 [633 795 638 795]
line-101 [336 1073 353 1073]
line-102 [671 1048 679 1046]
line-103 [391 805 397 805]
line-104 [878 811 886 811]
line-105 [534 1096 540 1094]
line-106 [86 814 92 814]
line-107 [231 809 236 809]
line-108 [812 808 817 808]
line-109 [165 1069 181 1069]
line-110 [11 823 21 823]
line-111 [744 809 749 809]
line-112 [938 1009 946 1009]
line-113 [66 1074 78 1074]
line-114 [609 909 619 907]
line-115 [995 1009 1000 1009]
line-116 [180 1076 189 1076]
