line-0 [298 1079 320 1079]
line-1 [161 1062 192 1062]
line-2 [21 1082 67 1082]
line-3 [93 1075 145 1075]
line-4 [333 1073 363 1073]
line-5 [460 808 494 808]
line-6 [1000 1003 1010 1003]
line-7 [47 1068 119 1068]
line-8 [188 811 195 811]
line-9 [291 810 301 810]
line-10 [271 1087 300 1087]
line-11 [923 1011 929 1011]
line-12 [53 1061 107 1061]
line-13 [652 1054 669 1049]
line-14 [37 818 44 818]
line-15 [702 1039 712 1037]
line-16 [246 1078 269 1078]
line-17 [14 818 22 818]
line-18 [148 1084 204 1085]
line-19 [191 1077 245 1077]
line-20 [255 811 267 811]
line-21 [353 807 364 807]
line-22 [1051 1000 1059 1000]
line-23 [938 1009 943 1009]
line-24 [204 811 212 811]
line-25 [561 1086 580 1079]
line-26 [345 808 352 808]
line-27 [1031 1001 1039 1001]
line-28 [975 1005 981 1005]
line-29 [120 1069 180 1069]
line-30 [812 808 817 808]
line-31 [80 1083 130 1083]
line-32 [1039 1004 1046 1004]
line-33 [52 1074 70 1074]
line-34 [336 808 342 808]
line-35 [744 809 754 809]
line-36 [780 1020 787 1019]
line-37 [80 815 85 815]
line-38 [146 1076 190 1076]
line-39 [286 1078 294 1078]
line-40 [240 809 249 809]
line-41 [252 1086 270 1086]
line-42 [533 1096 547 1091]
line-43 [947 1008 974 1006]
line-44 [793 807 803 807]
line-45 [229 1086 245 1086]
line-46 [116 1062 142 1062]
line-47 [582 1078 598 1073]
line-48 [528 946 554 929]
line-49 [622 1064 628 1062]
line-50 [33 1074 47 1074]
line-51 [99 815 106 815]
line-52 [343 1066 372 1066]
line-53 [301 1088 338 1088]
line-54 [401 808 407 808]
line-55 [889 1015 903 1014]
line-56 [671 1048 679 1046]
line-57 [171 812 180 812]
line-58 [5 820 11 820]
line-59 [634 799 643 799]
line-60 [741 1029 748 1028]
line-61 [508 1106 515 1103]
line-62 [345 1089 353 1089]
line-63 [803 808 808 808]
line-64 [411 806 417 806]
line-65 [1068 999 1074 999]
line-66 [231 809 236 809]
line-67 [369 806 377 806]
line-68 [519 1097 524 1095]
line-69 [0 1081 20 1081]
line-70 [633 795 638 795]
line-71 [131 1084 147 1084]
line-72 [481 1119 486 1117]
line-73 [205 1085 220 1085]
line-74 [321 1080 353 1080]
line-75 [994 1009 1006 1008]
line-76 [1018 1004 1023 1004]
line-77 [563 925 573 921]
line-78 [319 808 324 808]
line-79 [490 1114 504 1108]
line-80 [522 1100 530 1097]
line-81 [673 799 678 799]
line-82 [786 804 791 804]
line-83 [860 1005 874 1005]
line-84 [306 810 312 810]
line-85 [683 797 688 797]
line-86 [12 1074 24 1074]
line-87 [274 1078 282 1078]
line-88 [1024 1004 1029 1004]
line-89 [82 1075 92 1075]
line-90 [14 823 21 823]
line-91 [584 917 590 915]
