line-0 [102 1075 143 1075]
line-1 [34 1082 79 1082]
line-2 [337 1065 347 1065]
line-3 [950 1008 956 1008]
line-4 [1066 999 1075 999]
line-5 [905 1013 912 1013]
line-6 [144 1076 188 1076]
line-7 [120 1062 192 1062]
line-8 [249 1078 268 1078]
line-9 [307 1088 335 1088]
line-10 [212 1085 220 1085]
line-11 [369 806 378 806]
line-12 [136 1069 150 1069]
line-13 [121 1069 135 1069]
line-14 [113 1083 133 1083]
line-15 [726 1033 732 1032]
line-16 [152 1069 166 1069]
line-17 [580 1079 594 1074]
line-18 [337 808 352 808]
line-19 [99 815 106 815]
line-20 [46 1068 120 1068]
line-21 [976 1005 982 1005]
line-22 [306 810 312 810]
line-23 [490 1114 500 1110]
line-24 [0 1081 20 1081]
line-25 [652 1054 660 1052]
line-26 [53 1061 117 1061]
line-27 [15 1074 77 1074]
line-28 [1061 1004 1068 1004]
line-29 [1035 1001 1043 1001]
line-30 [983 1005 997 1004]
line-31 [86 814 92 814]
line-32 [14 818 22 818]
line-33 [179 1085 207 1085]
line-34 [358 1066 368 1066]
line-35 [745 809 754 809]
line-36 [189 1077 248 1077]
line-37 [137 1084 176 1084]
line-38 [541 1093 556 1088]
line-39 [795 807 803 807]
line-40 [240 809 250 809]
line-41 [739 1030 749 1028]
line-42 [0 1073 14 1073]
line-43 [623 1064 630 1062]
line-44 [760 810 765 810]
line-45 [688 1043 697 1041]
line-46 [320 1080 357 1080]
line-47 [80 815 85 815]
line-48 [1023 1004 1030 1004]
line-49 [939 1009 949 1008]
line-50 [171 812 183 811]
line-51 [256 1086 264 1086]
line-52 [820 806 830 806]
line-53 [343 1089 351 1089]
line-54 [460 808 494 808]
line-55 [957 1007 966 1007]
line-56 [542 936 559 927]
line-57 [1003 1003 1011 1003]
line-58 [351 1073 359 1073]
line-59 [319 808 324 808]
line-60 [274 1087 301 1087]
line-61 [614 1067 620 1065]
line-62 [188 811 195 811]
line-63 [256 811 266 811]
line-64 [359 807 364 807]
line-65 [292 810 301 810]
line-66 [703 1039 708 1038]
line-67 [635 799 643 799]
line-68 [80 1083 112 1083]
line-69 [360 1073 365 1073]
line-70 [637 1059 644 1057]
line-71 [674 1047 680 1046]
line-72 [1059 1000 1065 1000]
line-73 [5 820 10 820]
line-74 [228 1086 255 1086]
line-75 [204 811 212 811]
line-76 [521 952 534 941]
line-77 [803 808 808 808]
line-78 [222 1085 227 1085]
line-79 [993 1009 1008 1008]
line-80 [37 818 45 818]
line-81 [401 808 406 808]
line-82 [531 1097 537 1095]
line-83 [631 1061 636 1060]
line-84 [921 1011 930 1011]
line-85 [633 795 638 795]
line-86 [683 797 688 797]
line-87 [290 1078 298 1078]
line-88 [483 1118 490 1115]
line-89 [173 1069 179 1069]
line-90 [566 924 576 920]
line-91 [11 823 21 823]
line-92 [931 1010 938 1010]
line-93 [166 809 171 809]
line-94 [519 1097 524 1095]
line-95 [299 1079 319 1079]
line-96 [231 809 236 809]
line-97 [335 1073 343 1073]
