line-0 [219 1077 266 1077]
line-1 [197 1085 236 1085]
line-2 [230 809 251 809]
line-3 [136 1069 184 1069]
line-4 [53 1061 106 1061]
line-5 [2 1073 16 1073]
line-6 [574 1081 583 1078]
line-7 [19 1074 33 1074]
line-8 [310 1088 340 1088]
line-9 [737 1030 748 1028]
line-10 [303 1079 317 1079]
line-11 [252 810 258 810]
line-12 [1004 1003 1012 1003]
line-13 [60 1082 90 1082]
line-14 [136 1062 192 1062]
line-15 [171 812 178 812]
line-16 [353 1066 371 1066]
line-17 [38 818 43 818]
line-18 [513 1104 524 1100]
line-19 [350 807 355 807]
line-20 [300 1087 308 1087]
line-21 [84 1068 132 1068]
line-22 [87 1075 152 1075]
line-23 [949 1008 954 1008]
line-24 [384 807 389 807]
line-25 [524 1094 531 1092]
line-26 [99 1083 109 1083]
line-27 [461 808 493 808]
line-28 [20 818 31 818]
line-29 [334 1073 369 1073]
line-30 [340 808 349 808]
line-31 [34 1074 74 1074]
line-32 [651 1054 659 1052]
line-33 [1032 1001 1040 1001]
line-34 [1018 1004 1030 1004]
line-35 [713 1036 736 1031]
line-36 [306 810 311 810]
line-37 [541 1093 556 1088]
line-38 [967 1006 974 1006]
line-39 [931 1010 944 1009]
line-40 [1069 820 1078 820]
line-41 [121 1083 149 1083]
line-42 [326 1080 358 1080]
line-43 [237 1086 278 1086]
line-44 [635 799 645 799]
line-45 [521 1098 531 1095]
line-46 [403 807 410 807]
line-47 [36 1082 59 1082]
line-48 [186 1076 195 1076]
line-49 [10 824 21 823]
line-50 [611 908 628 905]
line-51 [160 812 165 812]
line-52 [153 1084 182 1084]
line-53 [360 807 365 807]
line-54 [681 797 686 797]
line-55 [559 927 566 923]
line-56 [97 815 105 815]
line-57 [153 1076 174 1076]
line-58 [487 1116 492 1114]
line-59 [1072 999 1079 999]
line-60 [493 1113 500 1110]
line-61 [684 1044 689 1043]
line-62 [503 1108 509 1106]
line-63 [412 805 420 805]
line-64 [976 1005 983 1005]
line-65 [772 1022 781 1020]
line-66 [528 945 541 936]
line-67 [332 807 339 807]
line-68 [204 811 211 811]
line-69 [640 900 649 899]
line-70 [564 1085 570 1083]
line-71 [259 811 265 811]
line-72 [923 1011 929 1011]
line-73 [610 1068 615 1067]
line-74 [955 1007 966 1007]
line-75 [994 1009 1002 1008]
line-76 [600 911 605 910]
line-77 [114 1061 135 1061]
line-78 [267 1078 302 1078]
line-79 [300 809 305 809]
line-80 [634 795 639 795]
line-81 [55 1067 68 1067]
line-82 [292 810 299 810]
line-83 [551 931 557 927]
line-84 [182 810 190 810]
line-85 [0 1080 20 1081]
line-86 [335 1065 352 1065]
line-87 [986 1004 996 1004]
line-88 [423 807 430 807]
line-89 [223 809 228 809]
line-90 [279 809 286 809]
line-91 [1044 1000 1053 1000]
line-92 [908 818 917 818]
line-93 [531 1097 537 1095]
line-94 [177 1076 185 1076]
line-95 [318 1079 324 1079]
line-96 [84 814 92 814]
line-97 [446 805 451 805]
