line-0 [179 1085 229 1085]
line-1 [268 1078 300 1078]
line-2 [230 809 250 809]
line-3 [65 1061 117 1061]
line-4 [1061 1018 1070 1018]
line-5 [339 808 349 808]
line-6 [931 1010 936 1010]
line-7 [343 1089 359 1089]
line-8 [166 1062 180 1062]
line-9 [61 1068 117 1068]
line-10 [301 1079 322 1079]
line-11 [990 1004 1014 1002]
line-12 [306 810 312 810]
line-13 [98 815 105 815]
line-14 [1023 1021 1034 1021]
line-15 [80 1083 140 1083]
line-16 [148 1076 193 1076]
line-17 [504 1108 514 1104]
line-18 [252 1086 270 1086]
line-19 [906 1013 913 1013]
line-20 [15 818 33 818]
line-21 [461 808 493 808]
line-22 [369 806 377 806]
line-23 [188 811 194 811]
line-24 [599 1072 621 1065]
line-25 [42 1074 84 1074]
line-26 [662 1051 678 1046]
line-27 [794 807 802 807]
line-28 [171 812 179 812]
line-29 [350 807 355 807]
line-30 [350 1073 368 1073]
line-31 [1060 1004 1068 1004]
line-32 [135 1069 184 1069]
line-33 [230 1086 251 1086]
line-34 [0 1081 25 1081]
line-35 [722 1034 729 1033]
line-36 [820 806 830 806]
line-37 [85 1075 147 1075]
line-38 [26 1082 79 1082]
line-39 [995 1023 1006 1023]
line-40 [560 1086 573 1082]
line-41 [195 1077 246 1077]
line-42 [293 810 300 810]
line-43 [413 805 420 805]
line-44 [968 1006 976 1006]
line-45 [133 1062 143 1062]
line-46 [251 810 258 810]
line-47 [359 807 364 807]
line-48 [423 807 431 807]
line-49 [277 1087 309 1087]
line-50 [144 1084 178 1084]
line-51 [834 806 840 806]
line-52 [914 1012 920 1012]
line-53 [997 1009 1006 1008]
line-54 [1059 1000 1066 1000]
line-55 [710 1037 717 1035]
line-56 [548 933 554 929]
line-57 [1018 1004 1030 1004]
line-58 [314 1088 342 1088]
line-59 [648 1056 654 1054]
line-60 [16 1074 39 1074]
line-61 [520 952 538 938]
line-62 [195 810 204 810]
line-63 [323 1080 358 1080]
line-64 [634 795 639 795]
line-65 [149 1062 165 1062]
line-66 [688 1043 694 1042]
line-67 [977 1005 986 1005]
line-68 [332 807 338 807]
line-69 [160 812 165 812]
line-70 [948 1008 956 1008]
line-71 [119 1061 126 1061]
line-72 [1067 999 1079 999]
line-73 [634 799 644 799]
line-74 [1074 1003 1079 1003]
line-75 [745 809 753 809]
line-76 [118 1068 127 1068]
line-77 [11 823 21 823]
line-78 [85 814 92 814]
line-79 [350 1066 368 1066]
line-80 [861 1005 874 1005]
line-81 [487 1116 496 1112]
line-82 [38 818 43 818]
line-83 [540 1094 549 1090]
line-84 [580 918 585 916]
line-85 [688 796 693 796]
line-86 [655 1053 661 1051]
line-87 [541 936 548 932]
line-88 [672 799 677 799]
line-89 [957 1007 967 1007]
line-90 [2 1073 15 1073]
line-91 [774 808 783 806]
line-92 [889 1015 896 1015]
line-93 [531 1097 537 1095]
line-94 [259 811 265 811]
line-95 [204 811 211 811]
line-96 [1035 1020 1044 1020]
line-97 [1045 1019 1060 1019]
line-98 [877 811 885 811]
