line-0 [255 1086 287 1086]
line-1 [102 1075 154 1075]
line-2 [957 1007 973 1006]
line-3 [161 1062 192 1062]
line-4 [399 807 410 807]
line-5 [332 807 340 807]
line-6 [197 1076 224 1076]
line-7 [17 1081 51 1081]
line-8 [634 1060 649 1055]
line-9 [100 1068 150 1068]
line-10 [56 1082 96 1082]
line-11 [280 1078 334 1079]
line-12 [344 1073 370 1073]
line-13 [182 810 204 810]
line-14 [304 809 313 809]
line-15 [219 808 224 808]
line-16 [40 817 45 817]
line-17 [602 1071 626 1063]
line-18 [70 1067 80 1067]
line-19 [168 1084 196 1084]
line-20 [904 1013 910 1013]
line-21 [822 806 828 806]
line-22 [38 1073 52 1073]
line-23 [20 818 31 818]
line-24 [97 1083 162 1083]
line-25 [288 1087 317 1087]
line-26 [564 1085 583 1078]
line-27 [225 1077 279 1077]
line-28 [94 1061 160 1061]
line-29 [722 1034 739 1030]
line-30 [929 814 936 814]
line-31 [225 809 231 809]
line-32 [792 806 801 806]
line-33 [457 807 493 808]
line-34 [335 1065 352 1065]
line-35 [52 818 67 818]
line-36 [53 1074 101 1074]
line-37 [381 807 388 807]
line-38 [234 809 251 809]
line-39 [201 1085 243 1085]
line-40 [1074 999 1079 999]
line-41 [501 1109 511 1105]
line-42 [917 817 924 817]
line-43 [829 805 835 805]
line-44 [909 818 917 818]
line-45 [252 810 259 810]
line-46 [11 823 16 823]
line-47 [1040 1004 1047 1004]
line-48 [1067 999 1073 999]
line-49 [877 811 884 811]
line-50 [896 1014 903 1014]
line-51 [411 805 421 805]
line-52 [320 807 328 807]
line-53 [337 1080 362 1080]
line-54 [337 1088 345 1088]
line-55 [776 1021 781 1020]
line-56 [51 823 62 823]
line-57 [684 1044 692 1042]
line-58 [560 926 569 922]
line-59 [998 1003 1015 1002]
line-60 [151 1069 184 1069]
line-61 [56 1067 69 1067]
line-62 [168 1076 182 1076]
line-63 [82 814 93 814]
line-64 [0 1073 33 1073]
line-65 [275 809 286 809]
line-66 [554 1088 563 1085]
line-67 [55 1060 84 1060]
line-68 [1007 1007 1014 1006]
line-69 [483 1118 494 1113]
line-70 [775 806 781 806]
line-71 [93 815 101 815]
line-72 [1032 822 1037 822]
line-73 [1048 1003 1058 1002]
line-74 [937 1009 942 1009]
line-75 [520 951 545 933]
line-76 [1024 823 1031 823]
line-77 [920 1011 927 1011]
line-78 [974 1005 985 1005]
line-79 [346 807 353 807]
line-80 [742 1029 759 1025]
line-81 [487 812 497 812]
line-82 [1025 1004 1030 1004]
line-83 [808 807 817 807]
line-84 [585 1077 601 1072]
line-85 [494 1112 500 1110]
line-86 [1056 999 1064 999]
line-87 [578 918 585 916]
line-88 [294 810 299 810]
line-89 [360 807 368 807]
line-90 [176 811 181 811]
line-91 [354 806 359 806]
line-92 [928 1010 936 1010]
line-93 [655 1053 663 1051]
line-94 [47 1067 52 1067]
line-95 [989 1009 999 1009]
