line-0 [93 1083 127 1083]
line-1 [360 807 365 807]
line-2 [48 1074 96 1074]
line-3 [133 1083 160 1083]
line-4 [336 1073 369 1073]
line-5 [84 1068 91 1068]
line-6 [80 1061 121 1061]
line-7 [226 809 251 809]
line-8 [332 807 339 807]
line-9 [276 1078 304 1078]
line-10 [241 1086 269 1086]
line-11 [986 1004 997 1004]
line-12 [382 807 388 807]
line-13 [566 1084 575 1081]
line-14 [320 807 329 807]
line-15 [52 818 61 818]
line-16 [9 1081 37 1081]
line-17 [955 1007 962 1007]
line-18 [761 1025 769 1023]
line-19 [776 806 782 806]
line-20 [146 1075 156 1075]
line-21 [733 1031 749 1028]
line-22 [0 1073 14 1073]
line-23 [348 1089 359 1089]
line-24 [579 1079 594 1074]
line-25 [634 1060 641 1058]
line-26 [1018 1004 1027 1004]
line-27 [920 1011 935 1010]
line-28 [279 809 286 809]
line-29 [463 808 493 808]
line-30 [183 810 192 810]
line-31 [82 814 93 814]
line-32 [92 1068 147 1068]
line-33 [157 1076 220 1076]
line-34 [560 926 565 924]
line-35 [929 814 936 814]
line-36 [361 1066 373 1066]
line-37 [200 1085 237 1085]
line-38 [628 1062 633 1061]
line-39 [430 806 435 806]
line-40 [411 805 420 805]
line-41 [528 1098 537 1095]
line-42 [340 808 346 808]
line-43 [645 1056 658 1052]
line-44 [42 1082 92 1082]
line-45 [877 811 885 811]
line-46 [47 1067 68 1067]
line-47 [1044 1000 1054 1000]
line-48 [221 1077 273 1077]
line-49 [150 1069 184 1069]
line-50 [904 1013 912 1013]
line-51 [205 811 211 811]
line-52 [286 1087 314 1087]
line-53 [1063 999 1071 999]
line-54 [20 818 32 818]
line-55 [335 1065 354 1065]
line-56 [792 806 801 806]
line-57 [252 810 259 810]
line-58 [510 1105 519 1102]
line-59 [294 810 299 810]
line-60 [333 1080 362 1080]
line-61 [165 1084 187 1084]
line-62 [97 1075 128 1075]
line-63 [315 1088 347 1088]
line-64 [889 1015 895 1015]
line-65 [179 1062 192 1062]
line-66 [28 1073 36 1073]
line-67 [1039 1004 1046 1004]
line-68 [122 1061 138 1061]
line-69 [75 1067 83 1067]
line-70 [771 1022 776 1021]
line-71 [1002 1008 1014 1006]
line-72 [347 807 354 807]
line-73 [305 1079 332 1079]
line-74 [538 938 558 927]
line-75 [587 915 597 912]
line-76 [194 810 204 810]
line-77 [1072 999 1079 999]
line-78 [398 807 410 807]
line-79 [482 1119 501 1109]
line-80 [1010 1002 1015 1002]
line-81 [445 805 452 805]
line-82 [145 1061 153 1061]
line-83 [822 806 828 806]
line-84 [93 815 101 815]
line-85 [989 1009 999 1009]
line-86 [11 823 18 823]
line-87 [64 1060 79 1060]
line-88 [526 1093 531 1092]
line-89 [51 823 72 823]
line-90 [171 812 176 812]
line-91 [974 1005 985 1005]
line-92 [159 1062 174 1062]
line-93 [912 818 917 818]
line-94 [424 807 429 807]
line-95 [894 807 899 807]
line-96 [129 1075 145 1075]
line-97 [829 805 834 805]
line-98 [520 951 539 938]
line-99 [877 813 882 813]
line-100 [808 807 814 807]
