line-0 [73 1074 113 1074]
line-1 [302 1087 328 1087]
line-2 [224 1085 267 1085]
line-3 [233 1077 272 1077]
line-4 [956 1007 964 1007]
line-5 [585 1077 603 1071]
line-6 [168 1062 191 1062]
line-7 [61 1082 75 1082]
line-8 [47 1067 100 1067]
line-9 [177 1084 205 1084]
line-10 [937 1009 942 1009]
line-11 [0 1073 60 1073]
line-12 [176 811 181 811]
line-13 [345 1065 355 1065]
line-14 [914 1012 919 1012]
line-15 [276 809 282 809]
line-16 [235 809 240 809]
line-17 [138 1061 167 1061]
line-18 [750 1027 759 1025]
line-19 [108 1068 164 1068]
line-20 [21 818 31 818]
line-21 [339 1072 347 1072]
line-22 [536 1095 542 1093]
line-23 [112 1083 168 1083]
line-24 [319 807 324 807]
line-25 [346 807 352 807]
line-26 [254 810 268 810]
line-27 [522 1095 528 1093]
line-28 [827 805 837 805]
line-29 [649 1055 656 1053]
line-30 [40 1081 56 1081]
line-31 [818 1012 825 1011]
line-32 [114 1075 171 1075]
line-33 [51 823 66 823]
line-34 [623 793 628 793]
line-35 [55 1060 104 1060]
line-36 [808 807 817 807]
line-37 [634 798 641 798]
line-38 [270 808 275 808]
line-39 [671 1048 679 1046]
line-40 [198 810 205 810]
line-41 [606 1070 612 1068]
line-42 [295 1078 315 1078]
line-43 [504 1108 509 1106]
line-44 [762 1024 769 1023]
line-45 [284 1086 290 1086]
line-46 [0 1080 13 1080]
line-47 [215 1085 223 1085]
line-48 [15 817 20 817]
line-49 [80 814 93 814]
line-50 [172 1076 232 1076]
line-51 [985 1004 994 1004]
line-52 [793 806 802 806]
line-53 [1048 1000 1058 999]
line-54 [331 807 341 807]
line-55 [569 1083 575 1081]
line-56 [798 1016 805 1015]
line-57 [859 1005 875 1005]
line-58 [285 809 294 809]
line-59 [1074 999 1079 999]
line-60 [93 815 100 815]
line-61 [616 801 621 801]
line-62 [31 817 44 817]
line-63 [554 929 563 924]
line-64 [547 933 554 928]
line-65 [319 1079 327 1079]
line-66 [974 1005 979 1005]
line-67 [493 1113 500 1110]
line-68 [945 1008 951 1008]
line-69 [51 818 61 818]
line-70 [558 1087 568 1084]
line-71 [791 1018 797 1017]
line-72 [122 1061 130 1061]
line-73 [520 951 540 936]
line-74 [916 817 924 817]
line-75 [721 1034 729 1032]
line-76 [333 1079 341 1079]
line-77 [186 810 196 810]
line-78 [339 1088 347 1088]
line-79 [684 1044 689 1043]
line-80 [1004 1003 1009 1003]
line-81 [929 1010 935 1010]
line-82 [750 811 762 811]
line-83 [356 1065 372 1065]
line-84 [550 1090 557 1088]
line-85 [1068 999 1073 999]
line-86 [333 1072 338 1072]
line-87 [76 1082 101 1082]
line-88 [305 809 312 809]
line-89 [483 1118 488 1116]
line-90 [904 1013 909 1013]
line-91 [291 1086 301 1086]
line-92 [895 1014 903 1014]
line-93 [876 811 881 811]
line-94 [131 1061 137 1061]
line-95 [775 806 781 806]
line-96 [1040 1004 1047 1004]
line-97 [347 1080 356 1080]
line-98 [920 1011 928 1011]
line-99 [348 1088 353 1088]
line-100 [165 1069 183 1069]
line-101 [966 1006 973 1006]
line-102 [997 1003 1003 1003]
line-103 [882 810 887 810]
