line-0 [172 1076 226 1076]
line-1 [207 1085 243 1085]
line-2 [67 1082 100 1082]
line-3 [332 807 341 807]
line-4 [687 1043 693 1042]
line-5 [159 1069 183 1069]
line-6 [168 1062 191 1062]
line-7 [913 1012 918 1012]
line-8 [20 818 32 818]
line-9 [346 807 353 807]
line-10 [968 1006 973 1006]
line-11 [121 1075 149 1075]
line-12 [81 814 93 814]
line-13 [324 1079 343 1079]
line-14 [399 807 409 807]
line-15 [351 1073 369 1073]
line-16 [654 1054 669 1049]
line-17 [4 1080 13 1080]
line-18 [534 1096 540 1094]
line-19 [283 1086 300 1086]
line-20 [138 1068 152 1068]
line-21 [182 810 205 810]
line-22 [235 809 241 809]
line-23 [297 1078 312 1078]
line-24 [130 1083 148 1083]
line-25 [71 1060 104 1060]
line-26 [799 1016 815 1013]
line-27 [574 1081 583 1078]
line-28 [411 805 421 805]
line-29 [429 806 435 806]
line-30 [929 1010 934 1010]
line-31 [335 1065 371 1065]
line-32 [458 807 484 807]
line-33 [997 1003 1009 1003]
line-34 [539 937 557 927]
line-35 [234 1077 284 1077]
line-36 [46 1067 98 1067]
line-37 [270 808 275 808]
line-38 [501 1109 512 1105]
line-39 [60 1074 110 1074]
line-40 [737 1030 756 1026]
line-41 [105 1061 167 1061]
line-42 [904 1013 910 1013]
line-43 [381 807 387 807]
line-44 [354 806 361 806]
line-45 [304 809 313 809]
line-46 [333 1072 350 1072]
line-47 [522 1095 528 1093]
line-48 [244 1085 259 1085]
line-49 [642 1057 650 1055]
line-50 [167 1084 206 1084]
line-51 [108 1068 126 1068]
line-52 [775 806 781 806]
line-53 [961 1007 967 1006]
line-54 [32 817 45 817]
line-55 [791 805 802 806]
line-56 [10 1073 59 1073]
line-57 [844 1007 850 1007]
line-58 [51 823 72 823]
line-59 [526 1099 532 1097]
line-60 [14 1081 53 1081]
line-61 [275 809 288 809]
line-62 [602 1071 609 1069]
line-63 [128 1068 137 1068]
line-64 [857 1005 868 1005]
line-65 [540 1093 548 1091]
line-66 [149 1083 166 1083]
line-67 [560 926 567 922]
line-68 [937 1009 942 1009]
line-69 [633 798 640 798]
line-70 [986 1004 994 1004]
line-71 [243 809 252 809]
line-72 [974 1005 984 1005]
line-73 [445 805 453 805]
line-74 [828 805 835 805]
line-75 [823 1011 829 1010]
line-76 [57 818 66 818]
line-77 [263 810 268 810]
line-78 [751 811 760 811]
line-79 [929 814 938 814]
line-80 [702 1039 709 1037]
line-81 [1063 999 1069 999]
line-82 [807 807 814 807]
line-83 [301 1087 322 1087]
line-84 [349 1080 363 1080]
line-85 [370 805 376 805]
line-86 [1070 999 1078 999]
line-87 [51 818 56 818]
line-88 [519 952 531 942]
line-89 [896 1014 903 1014]
line-90 [484 1117 492 1114]
line-91 [946 1008 955 1008]
line-92 [485 808 492 808]
line-93 [227 1076 233 1076]
line-94 [567 923 573 920]
line-95 [909 818 916 818]
line-96 [331 1088 339 1088]
line-97 [920 1011 928 1011]
line-98 [362 807 368 807]
line-99 [253 810 260 810]
line-100 [93 815 100 815]
line-101 [889 1015 895 1015]
