line-0 [213 1085 260 1085]
line-1 [363 807 368 807]
line-2 [190 1076 232 1076]
line-3 [345 807 352 807]
line-4 [93 815 99 815]
line-5 [335 1065 373 1065]
line-6 [959 1007 965 1007]
line-7 [286 809 294 809]
line-8 [750 811 762 811]
line-9 [17 1081 115 1082]
line-10 [459 807 513 807]
line-11 [104 1061 181 1061]
line-12 [354 1073 369 1073]
line-13 [798 1016 805 1015]
line-14 [317 1079 347 1079]
line-15 [618 1066 633 1061]
line-16 [966 1006 973 1006]
line-17 [48 1073 62 1073]
line-18 [100 814 105 814]
line-19 [54 1060 103 1060]
line-20 [44 1066 102 1067]
line-21 [68 1074 126 1074]
line-22 [233 1077 288 1077]
line-23 [186 810 195 810]
line-24 [997 1003 1006 1003]
line-25 [1023 1004 1031 1004]
line-26 [685 1044 690 1043]
line-27 [136 1068 163 1068]
line-28 [21 818 31 818]
line-29 [127 1075 184 1075]
line-30 [1007 1007 1012 1007]
line-31 [353 806 362 806]
line-32 [357 1080 364 1080]
line-33 [175 811 180 811]
line-34 [302 1087 327 1087]
line-35 [526 1099 537 1095]
line-36 [1071 999 1079 999]
line-37 [823 1011 830 1010]
line-38 [827 805 840 805]
line-39 [785 1019 797 1017]
line-40 [116 1083 172 1083]
line-41 [726 1033 740 1030]
line-42 [933 814 939 814]
line-43 [898 1014 911 1013]
line-44 [793 806 802 806]
line-45 [946 1008 958 1007]
line-46 [641 1058 663 1051]
line-47 [268 1086 301 1086]
line-48 [15 817 20 817]
line-49 [399 807 408 807]
line-50 [254 810 261 810]
line-51 [352 1088 357 1088]
line-52 [173 1084 212 1084]
line-53 [33 1073 47 1073]
line-54 [79 814 86 814]
line-55 [538 1095 545 1092]
line-56 [182 1062 190 1062]
line-57 [248 809 253 809]
line-58 [327 807 342 807]
line-59 [411 805 421 805]
line-60 [506 1107 513 1104]
line-61 [768 1023 773 1022]
line-62 [692 1042 700 1040]
line-63 [937 1009 945 1009]
line-64 [989 1009 999 1009]
line-65 [856 1005 875 1005]
line-66 [775 806 781 806]
line-67 [526 1097 531 1095]
line-68 [1058 999 1066 999]
line-69 [634 798 641 798]
line-70 [563 1086 571 1083]
line-71 [807 807 817 807]
line-72 [524 1094 529 1093]
line-73 [587 1077 593 1074]
line-74 [276 809 281 809]
line-75 [487 1116 492 1114]
line-76 [499 1110 505 1108]
line-77 [289 1078 316 1078]
line-78 [119 1068 135 1068]
line-79 [839 1008 848 1007]
line-80 [446 805 453 805]
line-81 [370 805 377 805]
line-82 [985 1004 996 1004]
line-83 [879 810 886 810]
line-84 [333 1072 353 1072]
line-85 [305 809 312 809]
line-86 [746 1028 752 1027]
line-87 [164 1069 183 1069]
line-88 [36 817 45 817]
line-89 [518 1102 525 1100]
line-90 [623 793 628 793]
line-91 [0 1080 16 1080]
line-92 [616 801 621 801]
line-93 [9 1073 27 1073]
line-94 [921 1011 928 1011]
line-95 [320 807 325 807]
line-96 [1039 1004 1047 1004]
