line-0 [130 1075 162 1075]
line-1 [16 1081 60 1081]
line-2 [807 807 817 807]
line-3 [186 810 212 810]
line-4 [370 805 377 805]
line-5 [1064 999 1073 999]
line-6 [4 819 12 819]
line-7 [668 1049 676 1047]
line-8 [1003 1003 1012 1003]
line-9 [624 1064 633 1061]
line-10 [286 809 295 809]
line-11 [72 1067 111 1067]
line-12 [567 1084 578 1080]
line-13 [332 807 342 807]
line-14 [66 1074 80 1074]
line-15 [802 1016 811 1014]
line-16 [924 1011 929 1011]
line-17 [100 1082 116 1082]
line-18 [616 801 621 801]
line-19 [399 807 408 807]
line-20 [977 1005 995 1004]
line-21 [117 1083 174 1083]
line-22 [103 1061 156 1061]
line-23 [55 1073 63 1073]
line-24 [117 1068 183 1069]
line-25 [459 807 485 807]
line-26 [346 807 353 807]
line-27 [530 1098 540 1094]
line-28 [634 798 641 798]
line-29 [241 808 248 808]
line-30 [938 1009 945 1009]
line-31 [354 806 362 806]
line-32 [588 1076 601 1072]
line-33 [184 1076 226 1076]
line-34 [763 1024 774 1022]
line-35 [55 1060 102 1060]
line-36 [692 1042 697 1041]
line-37 [176 811 181 811]
line-38 [956 1007 966 1007]
line-39 [750 811 763 811]
line-40 [32 817 45 817]
line-41 [411 805 422 805]
line-42 [504 1108 512 1105]
line-43 [175 1084 215 1084]
line-44 [61 1082 99 1082]
line-45 [109 1074 126 1074]
line-46 [446 805 453 805]
line-47 [513 1104 518 1103]
line-48 [858 1005 875 1005]
line-49 [632 794 637 794]
line-50 [775 1022 783 1020]
line-51 [547 933 556 927]
line-52 [879 810 887 810]
line-53 [528 946 543 934]
line-54 [623 793 628 793]
line-55 [231 808 236 808]
line-56 [100 814 105 814]
line-57 [735 1031 740 1030]
line-58 [662 1051 667 1050]
line-59 [793 806 802 806]
line-60 [221 1085 229 1085]
line-61 [890 1015 895 1015]
line-62 [488 812 496 812]
line-63 [263 810 269 810]
line-64 [891 1022 897 1022]
line-65 [253 810 261 810]
line-66 [750 813 764 813]
line-67 [15 817 20 817]
line-68 [6 1073 54 1073]
line-69 [541 1093 552 1090]
line-70 [685 1044 691 1042]
line-71 [947 1008 955 1008]
line-72 [558 1087 563 1086]
line-73 [0 1080 9 1080]
line-74 [56 1067 71 1067]
line-75 [482 1119 499 1110]
line-76 [914 1012 920 1012]
line-77 [634 1060 640 1058]
line-78 [163 1061 173 1061]
line-79 [775 806 781 806]
line-80 [699 1040 704 1039]
line-81 [363 807 368 807]
line-82 [930 1010 937 1010]
line-83 [827 805 839 805]
line-84 [834 1009 842 1008]
line-85 [305 809 313 809]
line-86 [21 818 32 818]
line-87 [1074 999 1079 999]
line-88 [80 814 87 814]
line-89 [565 923 571 921]
line-90 [1031 1001 1036 1001]
