line-0 [0 1074 39 1074]
line-1 [114 1084 152 1084]
line-3 [87 1062 183 1062]
line-4 [308 1080 336 1080]
line-6 [267 1087 281 1087]
line-9 [333 1073 350 1073]
line-11 [233 1078 286 1078]
line-12 [173 1077 224 1077]
line-13 [330 1089 340 1089]
line-14 [303 1088 311 1088]
line-15 [54 1083 81 1083]
line-17 [351 1074 359 1074]
line-18 [203 1086 264 1086]
line-21 [50 1075 128 1075]
line-23 [83 1083 93 1083]
line-25 [348 1066 362 1066]
line-26 [134 1076 152 1076]
line-28 [160 1085 202 1085]
line-31 [522 951 544 935]
line-34 [160 1070 183 1070]
line-35 [115 1069 151 1069]
line-36 [56 1068 88 1068]
line-42 [11 1082 53 1082]
line-45 [54 1061 85 1061]
line-47 [98 1083 108 1083]
line-51 [312 1088 329 1088]
line-57 [346 1081 364 1081]
line-60 [342 1089 350 1089]
line-64 [89 1069 112 1069]
line-66 [289 1079 303 1079]
line-73 [167 1077 172 1077]
line-75 [544 936 551 931]
line-77 [335 1067 344 1066]
