line-0 [10 1074 51 1074]
line-1 [129 1084 162 1084]
line-4 [163 1085 208 1085]
line-5 [244 1078 272 1078]
line-6 [102 1062 188 1062]
line-7 [52 1075 131 1075]
line-9 [310 1080 326 1080]
line-11 [32 1082 50 1082]
line-15 [299 1079 309 1079]
line-16 [333 1073 356 1073]
line-22 [118 1069 136 1069]
line-24 [292 1088 302 1088]
line-25 [209 1086 266 1086]
line-26 [47 1068 106 1068]
line-28 [173 1077 225 1077]
line-31 [60 1083 119 1083]
line-32 [54 1061 96 1061]
line-46 [169 1070 183 1070]
line-48 [0 1081 11 1081]
line-50 [523 950 533 943]
line-53 [132 1076 144 1076]
line-54 [536 940 559 927]
line-55 [335 1066 363 1066]
line-58 [289 1079 298 1079]
line-70 [267 1087 289 1087]
line-71 [565 924 582 918]
line-72 [331 1089 355 1089]
line-76 [311 1088 317 1088]
line-77 [137 1069 161 1069]
line-78 [356 1081 362 1081]
line-80 [107 1069 112 1069]
line-81 [154 1076 172 1076]
