line-0 [336 1081 364 1081]
line-1 [308 1080 334 1080]
line-2 [117 1076 163 1076]
line-3 [162 1085 182 1085]
line-4 [336 1066 360 1066]
line-6 [131 1084 161 1084]
line-9 [47 1068 83 1068]
line-10 [283 1088 304 1088]
line-14 [74 1062 152 1062]
line-15 [215 1078 244 1078]
line-16 [350 1090 358 1090]
line-18 [0 1074 27 1074]
line-20 [40 1083 91 1083]
line-23 [46 1075 102 1075]
line-24 [184 1063 192 1063]
line-29 [145 1070 159 1070]
line-30 [212 1086 220 1086]
line-33 [164 1077 206 1077]
line-43 [111 1069 125 1069]
line-57 [301 1079 307 1079]
line-58 [9 1082 16 1082]
line-60 [565 925 572 922]
line-62 [164 1070 174 1070]
line-63 [319 1089 347 1089]
line-64 [92 1083 103 1083]
line-65 [359 1074 367 1074]
line-67 [199 1086 211 1086]
line-74 [361 1067 368 1067]
line-75 [226 1086 234 1086]
line-76 [104 1084 127 1084]
line-79 [286 1079 294 1079]
line-83 [96 1069 110 1069]
line-86 [295 1079 300 1079]
line-87 [235 1086 260 1086]
line-89 [340 1073 346 1073]
line-90 [111 1075 116 1075]
line-92 [126 1069 136 1069]
line-94 [347 1074 358 1074]
line-101 [261 1087 279 1087]
line-103 [17 1082 39 1082]
line-104 [186 1085 193 1085]
line-109 [251 1078 265 1078]
line-113 [266 1078 276 1078]
