line-0 [103 1075 138 1075]
line-1 [230 1086 265 1086]
line-7 [193 1085 229 1085]
line-9 [298 1079 317 1079]
line-10 [50 1074 68 1074]
line-11 [115 1062 192 1062]
line-13 [70 1068 117 1068]
line-16 [274 1087 302 1087]
line-17 [140 1084 168 1084]
line-22 [248 1078 297 1078]
line-23 [99 1083 109 1083]
line-27 [37 1082 55 1082]
line-29 [139 1069 167 1069]
line-30 [186 1077 247 1077]
line-31 [46 1068 69 1068]
line-37 [27 1074 41 1074]
line-39 [344 1089 352 1089]
line-41 [333 1073 360 1073]
line-42 [303 1088 340 1088]
line-44 [70 1074 88 1075]
line-48 [343 1080 364 1081]
line-55 [54 1061 106 1061]
line-57 [0 1081 14 1081]
line-58 [336 1066 350 1066]
line-60 [62 1082 73 1082]
line-64 [143 1076 185 1076]
line-66 [0 1073 19 1074]
line-71 [550 931 561 927]
line-73 [118 1069 127 1069]
line-75 [79 1083 98 1083]
line-84 [524 949 549 932]
line-86 [319 1080 342 1080]
line-88 [42 1074 49 1074]
line-90 [174 1085 181 1085]
line-91 [24 1082 34 1082]
line-97 [124 1084 133 1084]
line-98 [575 920 584 917]
line-99 [110 1083 120 1083]
