line-0 [43 1083 99 1083]
line-1 [0 1074 21 1074]
line-3 [107 1076 162 1076]
line-4 [61 1062 167 1062]
line-7 [148 1070 185 1070]
line-8 [235 1086 259 1086]
line-10 [202 1086 230 1086]
line-11 [163 1077 211 1077]
line-13 [214 1078 246 1078]
line-17 [344 1081 363 1081]
line-22 [279 1088 314 1088]
line-23 [45 1075 104 1075]
line-25 [84 1069 140 1069]
line-27 [328 1089 336 1089]
line-28 [119 1084 161 1084]
line-31 [287 1079 295 1079]
line-39 [524 950 545 935]
line-42 [256 1078 274 1078]
line-45 [296 1079 301 1079]
line-49 [168 1063 180 1063]
line-51 [48 1068 83 1068]
line-53 [9 1082 41 1082]
line-55 [346 1074 369 1074]
line-59 [337 1074 345 1074]
line-60 [352 1067 359 1067]
line-69 [188 1086 201 1086]
line-73 [303 1080 331 1080]
line-75 [162 1085 182 1085]
line-79 [181 1063 192 1063]
line-82 [37 1074 44 1074]
line-84 [337 1066 351 1066]
line-85 [261 1087 278 1087]
