line-0 [201 1086 248 1086]
line-1 [46 1075 84 1075]
line-2 [56 1061 61 1061]
line-3 [62 1062 168 1062]
line-4 [141 1070 185 1070]
line-9 [85 1075 115 1075]
line-11 [10 1082 44 1082]
line-12 [305 1080 342 1080]
line-15 [215 1078 283 1078]
line-18 [324 1089 349 1089]
line-20 [91 1069 105 1069]
line-21 [157 1085 173 1085]
line-22 [161 1077 214 1077]
line-27 [0 1074 23 1074]
line-30 [107 1084 156 1084]
line-32 [45 1083 106 1083]
line-35 [279 1088 319 1088]
line-43 [548 934 553 931]
line-47 [48 1068 86 1068]
line-57 [522 952 527 948]
line-58 [106 1069 140 1069]
line-61 [345 1074 366 1074]
line-62 [116 1076 159 1076]
line-63 [169 1063 192 1063]
line-66 [343 1081 363 1081]
line-67 [525 949 548 933]
line-68 [354 1067 373 1067]
line-85 [336 1066 353 1066]
line-90 [174 1085 186 1085]
line-97 [352 1090 360 1089]
line-100 [289 1079 304 1079]
