line-0 [220 1078 276 1078]
line-4 [261 1087 278 1087]
line-6 [85 1069 138 1069]
line-8 [22 1075 39 1075]
line-10 [168 1063 192 1063]
line-11 [279 1088 349 1089]
line-12 [40 1083 106 1083]
line-16 [118 1076 146 1076]
line-18 [75 1062 167 1062]
line-19 [180 1077 213 1077]
line-26 [237 1086 245 1086]
line-30 [0 1081 8 1081]
line-31 [145 1070 185 1070]
line-34 [107 1084 145 1084]
line-35 [43 1075 98 1075]
line-36 [215 1086 236 1086]
line-39 [0 1074 21 1074]
line-40 [18 1082 39 1082]
line-43 [48 1068 83 1068]
line-53 [540 939 552 931]
line-56 [304 1080 312 1080]
line-57 [345 1074 367 1074]
line-59 [160 1085 188 1085]
line-65 [246 1086 258 1086]
line-66 [341 1081 363 1081]
line-70 [283 1079 303 1079]
line-77 [354 1067 372 1067]
line-78 [104 1075 112 1075]
line-79 [525 949 535 942]
line-80 [333 1073 344 1073]
line-88 [316 1080 340 1080]
line-91 [336 1066 353 1066]
line-95 [9 1082 17 1082]
