line-0 [0 1081 16 1081]
line-1 [15 1074 71 1074]
line-3 [127 1084 166 1084]
line-4 [107 1062 163 1062]
line-6 [182 1077 204 1077]
line-7 [173 1070 183 1070]
line-8 [268 1087 294 1087]
line-13 [42 1082 60 1082]
line-18 [215 1077 234 1077]
line-21 [333 1073 360 1073]
line-23 [47 1068 118 1068]
line-24 [542 936 554 930]
line-28 [92 1083 120 1083]
line-30 [204 1085 219 1085]
line-32 [119 1069 172 1069]
line-33 [107 1075 125 1075]
line-35 [220 1086 267 1086]
line-36 [251 1078 279 1078]
line-39 [54 1061 105 1061]
line-41 [315 1080 349 1080]
line-46 [21 1082 39 1082]
line-47 [336 1066 368 1066]
line-51 [292 1079 314 1079]
line-53 [137 1076 181 1076]
line-54 [297 1088 337 1088]
line-55 [555 929 567 924]
line-62 [338 1089 343 1089]
line-67 [167 1085 203 1085]
line-74 [521 952 536 940]
line-75 [75 1075 106 1075]
line-80 [179 1062 191 1062]
line-87 [72 1083 81 1083]
