line-0 [215 1078 268 1078]
line-1 [260 1087 280 1087]
line-3 [59 1083 102 1083]
line-4 [72 1062 117 1062]
line-5 [165 1077 214 1077]
line-6 [103 1069 143 1069]
line-7 [0 1074 48 1074]
line-10 [49 1075 106 1075]
line-17 [163 1085 188 1085]
line-18 [281 1088 319 1088]
line-19 [337 1074 345 1074]
line-20 [138 1076 156 1076]
line-28 [196 1086 259 1086]
line-30 [269 1078 279 1078]
line-33 [280 1079 298 1079]
line-35 [312 1080 326 1080]
line-37 [17 1082 35 1082]
line-40 [160 1063 192 1063]
line-46 [0 1081 9 1081]
line-47 [522 951 548 933]
line-49 [144 1070 185 1070]
line-51 [103 1084 161 1084]
line-54 [129 1062 157 1062]
line-57 [48 1068 83 1068]
line-60 [36 1082 43 1082]
line-67 [320 1089 342 1089]
line-71 [299 1079 305 1079]
line-74 [336 1066 362 1066]
line-76 [346 1074 368 1074]
line-79 [327 1080 332 1080]
line-81 [123 1076 137 1076]
line-82 [335 1081 361 1081]
line-89 [363 1067 372 1067]
