line-0 [261 1078 289 1078]
line-4 [312 1080 341 1080]
line-6 [81 1083 120 1083]
line-9 [66 1083 80 1083]
line-12 [93 1068 107 1068]
line-13 [333 1073 357 1073]
line-14 [332 1089 346 1089]
line-15 [108 1069 166 1069]
line-17 [173 1077 260 1078]
line-21 [304 1088 312 1088]
line-23 [105 1062 157 1062]
line-30 [136 1076 149 1076]
line-31 [165 1085 210 1085]
line-32 [1 1074 59 1074]
line-34 [15 1082 65 1082]
line-35 [60 1075 135 1075]
line-45 [213 1086 266 1086]
line-50 [54 1061 96 1061]
line-51 [291 1079 311 1079]
line-52 [121 1084 164 1084]
line-53 [267 1087 287 1087]
line-55 [559 927 565 925]
line-59 [54 1068 72 1068]
line-60 [534 942 555 929]
line-64 [150 1076 172 1076]
line-65 [336 1066 364 1066]
line-67 [158 1062 167 1062]
line-78 [348 1081 363 1081]
line-89 [527 947 536 941]
line-91 [313 1088 331 1088]
line-96 [172 1070 183 1070]
line-98 [168 1062 175 1062]
line-104 [77 1068 92 1068]
