line-0 [309 1080 327 1080]
line-1 [40 1083 73 1083]
line-2 [68 1075 113 1075]
line-3 [153 1070 185 1070]
line-4 [238 1086 259 1086]
line-5 [202 1086 230 1086]
line-6 [358 1067 372 1067]
line-7 [346 1081 354 1081]
line-10 [76 1062 162 1062]
line-11 [189 1077 215 1077]
line-14 [11 1082 39 1082]
line-19 [240 1078 268 1078]
line-20 [104 1084 160 1084]
line-21 [87 1069 93 1069]
line-25 [0 1074 28 1074]
line-26 [114 1076 168 1076]
line-31 [47 1068 86 1068]
line-32 [319 1089 349 1089]
line-36 [183 1063 192 1063]
line-37 [172 1077 186 1077]
line-38 [99 1069 146 1069]
line-45 [161 1085 188 1085]
line-47 [84 1083 94 1083]
line-49 [336 1066 357 1066]
line-50 [288 1088 314 1088]
line-51 [0 1081 10 1081]
line-52 [276 1078 281 1078]
line-55 [289 1079 303 1079]
line-63 [260 1087 287 1087]
line-73 [344 1074 359 1074]
line-76 [351 1090 357 1090]
line-77 [355 1081 363 1081]
line-81 [163 1063 177 1063]
line-82 [269 1078 275 1078]
