line-0 [236 1078 277 1078]
line-2 [212 1086 264 1086]
line-6 [94 1061 152 1062]
line-11 [51 1075 126 1075]
line-14 [107 1069 148 1069]
line-15 [170 1077 225 1077]
line-16 [109 1084 163 1084]
line-18 [179 1063 192 1063]
line-23 [63 1083 91 1083]
line-32 [15 1082 33 1082]
line-34 [22 1074 38 1074]
line-36 [48 1068 88 1068]
line-38 [127 1076 169 1076]
line-44 [66 1061 81 1061]
line-49 [526 948 548 933]
line-50 [2 1074 16 1074]
line-53 [164 1085 200 1085]
line-54 [158 1070 185 1070]
line-61 [171 1063 178 1063]
line-62 [548 934 557 928]
line-84 [153 1062 170 1062]
line-87 [54 1083 62 1083]
