line-0 [155 1085 182 1085]
line-1 [207 1086 215 1086]
line-2 [285 1079 302 1079]
line-3 [228 1078 284 1078]
line-4 [48 1068 85 1068]
line-5 [336 1066 352 1066]
line-6 [58 1062 168 1062]
line-8 [223 1086 251 1086]
line-11 [114 1084 154 1084]
line-12 [40 1083 106 1083]
line-21 [45 1075 118 1075]
line-24 [182 1077 192 1077]
line-30 [322 1089 348 1089]
line-31 [24 1075 31 1075]
line-34 [347 1081 362 1081]
line-35 [547 934 562 927]
line-36 [353 1067 373 1067]
line-39 [9 1082 35 1082]
line-43 [144 1070 184 1070]
line-49 [87 1069 143 1069]
line-54 [348 1074 369 1074]
line-58 [119 1076 157 1076]
line-63 [277 1088 321 1088]
line-70 [193 1077 214 1077]
line-74 [339 1081 346 1081]
line-80 [166 1077 176 1077]
line-81 [303 1080 333 1080]
line-86 [32 1074 44 1074]
line-91 [169 1063 193 1063]
line-95 [2 1074 23 1074]
line-96 [536 942 543 936]
line-97 [524 951 534 942]
