line-0 [57 1083 109 1083]
line-1 [237 1078 285 1078]
line-2 [153 1070 185 1070]
line-5 [97 1062 179 1062]
line-6 [353 1081 361 1081]
line-9 [325 1089 352 1089]
line-10 [53 1075 133 1075]
line-13 [183 1063 192 1063]
line-14 [147 1084 165 1084]
line-15 [334 1073 342 1073]
line-19 [117 1069 152 1069]
line-22 [47 1068 100 1068]
line-24 [208 1086 244 1086]
line-31 [138 1076 156 1076]
line-32 [200 1077 210 1077]
line-39 [245 1086 261 1086]
line-42 [16 1082 56 1082]
line-43 [355 1074 367 1074]
line-48 [116 1084 146 1084]
line-49 [550 932 555 929]
line-51 [166 1085 207 1085]
line-52 [18 1074 32 1074]
line-56 [0 1074 17 1074]
line-57 [288 1088 320 1088]
line-59 [555 930 562 926]
line-60 [62 1061 96 1061]
line-64 [336 1066 363 1066]
line-72 [321 1080 327 1080]
line-73 [173 1077 191 1077]
line-75 [528 946 536 941]
line-79 [272 1087 278 1087]
line-85 [540 938 548 933]
line-90 [312 1080 320 1080]
line-91 [286 1079 311 1079]
line-97 [106 1069 116 1069]
line-100 [211 1077 225 1077]
line-109 [0 1081 15 1081]
