line-0 [145 1076 246 1077]
line-1 [145 1084 176 1084]
line-2 [345 1066 373 1066]
line-3 [161 1062 175 1062]
line-4 [53 1061 130 1061]
line-7 [333 1073 363 1073]
line-8 [201 1085 230 1085]
line-10 [35 1082 80 1082]
line-13 [63 1074 77 1074]
line-15 [308 1088 344 1088]
line-18 [126 1069 182 1069]
line-20 [81 1075 144 1075]
line-24 [247 1086 255 1086]
line-25 [46 1068 120 1068]
line-29 [344 1080 358 1080]
line-35 [314 1079 322 1079]
line-36 [52 1074 62 1074]
line-38 [81 1083 132 1083]
line-42 [329 1080 343 1080]
line-43 [0 1073 31 1074]
line-50 [557 928 565 924]
line-56 [257 1078 299 1078]
line-61 [274 1087 307 1087]
line-66 [524 949 540 938]
line-69 [131 1062 160 1062]
line-72 [22 1082 34 1082]
line-76 [0 1081 21 1081]
line-78 [237 1086 245 1086]
line-79 [264 1086 272 1086]
line-84 [569 922 581 918]
line-90 [303 1079 311 1079]
line-94 [176 1062 192 1062]
