line-0 [177 1085 274 1086]
line-1 [0 1073 13 1073]
line-2 [187 1077 236 1077]
line-3 [131 1062 187 1062]
line-7 [45 1068 118 1068]
line-15 [321 1088 339 1088]
line-16 [264 1078 297 1078]
line-17 [53 1061 125 1061]
line-22 [14 1074 85 1074]
line-23 [39 1082 67 1082]
line-25 [333 1073 364 1073]
line-27 [119 1069 184 1069]
line-28 [322 1080 359 1080]
line-31 [86 1075 110 1075]
line-35 [562 925 578 919]
line-36 [155 1076 183 1076]
line-41 [526 947 532 943]
line-46 [83 1083 129 1083]
line-47 [240 1077 250 1077]
line-48 [134 1084 176 1084]
line-49 [348 1066 373 1066]
line-52 [21 1082 36 1082]
line-56 [533 942 556 928]
line-58 [308 1079 316 1079]
line-62 [111 1075 128 1075]
line-65 [0 1081 20 1081]
line-69 [275 1087 307 1087]
line-84 [74 1082 82 1082]
line-85 [251 1077 263 1077]
