line-0 [102 1075 135 1075]
line-2 [172 1085 213 1085]
line-3 [313 1080 345 1080]
line-7 [142 1062 186 1062]
line-10 [54 1061 99 1061]
line-11 [200 1077 228 1077]
line-16 [46 1068 91 1068]
line-18 [347 1073 355 1073]
line-19 [0 1074 61 1074]
line-23 [232 1078 289 1078]
line-25 [295 1088 331 1088]
line-27 [15 1082 65 1082]
line-28 [290 1079 312 1079]
line-30 [214 1086 267 1086]
line-31 [169 1070 183 1070]
line-33 [358 1074 368 1074]
line-34 [335 1066 364 1066]
line-37 [116 1069 167 1069]
line-49 [136 1076 180 1076]
line-52 [66 1083 83 1083]
line-54 [333 1073 345 1073]
line-64 [122 1084 164 1084]
line-66 [102 1083 112 1083]
line-69 [340 1089 348 1089]
line-72 [106 1062 141 1062]
line-76 [62 1075 101 1075]
line-77 [113 1083 119 1083]
line-82 [268 1087 283 1087]
line-86 [346 1081 364 1081]
line-87 [92 1068 106 1068]
line-89 [96 1083 101 1083]
