line-0 [127 1084 171 1084]
line-1 [146 1076 183 1076]
line-4 [148 1062 192 1062]
line-6 [345 1080 355 1080]
line-7 [119 1069 174 1069]
line-8 [288 1087 302 1087]
line-9 [320 1080 338 1080]
line-13 [45 1068 118 1068]
line-15 [53 1074 71 1074]
line-16 [271 1087 287 1087]
line-17 [333 1073 350 1073]
line-18 [184 1077 242 1077]
line-19 [29 1082 72 1082]
line-20 [73 1083 109 1083]
line-21 [124 1062 147 1062]
line-22 [108 1061 114 1061]
line-24 [77 1075 142 1075]
line-28 [246 1078 295 1078]
line-30 [172 1085 222 1085]
line-41 [305 1079 313 1079]
line-42 [303 1088 342 1088]
line-46 [53 1061 106 1061]
line-49 [227 1086 270 1086]
line-52 [339 1066 370 1066]
line-57 [9 1074 52 1074]
line-63 [0 1081 15 1081]
line-80 [355 1073 360 1073]
line-84 [0 1073 8 1073]
