line-0 [191 1077 224 1077]
line-1 [205 1086 213 1086]
line-2 [343 1081 363 1081]
line-3 [15 1082 55 1082]
line-4 [108 1069 136 1069]
line-8 [214 1086 242 1086]
line-9 [177 1077 190 1077]
line-12 [336 1066 362 1066]
line-14 [10 1074 24 1074]
line-17 [225 1078 285 1078]
line-18 [53 1075 127 1075]
line-22 [98 1062 175 1062]
line-24 [324 1089 353 1089]
line-25 [122 1084 150 1084]
line-28 [25 1074 32 1074]
line-29 [47 1068 107 1068]
line-35 [251 1086 259 1086]
line-37 [55 1061 86 1061]
line-38 [56 1083 112 1083]
line-40 [139 1076 172 1076]
line-44 [282 1088 320 1088]
line-51 [33 1074 52 1074]
line-52 [165 1085 202 1085]
line-53 [553 930 558 928]
line-65 [156 1070 183 1070]
line-69 [345 1073 351 1073]
line-70 [529 945 539 939]
line-72 [333 1073 344 1073]
line-73 [286 1079 309 1079]
line-75 [358 1074 366 1074]
line-76 [540 938 545 935]
line-78 [576 920 582 918]
line-87 [310 1080 342 1080]
line-96 [176 1063 192 1063]
line-97 [363 1067 372 1067]
