line-1 [97 1062 125 1062]
line-5 [23 1082 54 1082]
line-6 [80 1075 129 1075]
line-7 [120 1069 159 1069]
line-11 [180 1063 190 1063]
line-16 [132 1062 179 1062]
line-19 [47 1068 107 1068]
line-21 [0 1074 51 1074]
line-26 [55 1083 116 1083]
line-34 [55 1061 96 1061]
line-36 [117 1084 164 1084]
line-39 [555 929 566 924]
line-41 [336 1066 364 1066]
line-42 [160 1070 183 1070]
line-45 [130 1076 167 1076]
line-64 [333 1073 347 1073]
line-71 [170 1077 177 1077]
line-82 [524 949 533 943]
line-84 [348 1073 355 1073]
line-85 [109 1069 117 1069]
line-86 [52 1075 79 1075]
