line-0 [242 1078 284 1078]
line-1 [78 1083 115 1083]
line-3 [211 1086 247 1086]
line-7 [181 1063 191 1063]
line-16 [97 1062 180 1062]
line-17 [172 1077 192 1077]
line-18 [155 1070 183 1070]
line-22 [0 1074 51 1074]
line-23 [0 1081 7 1081]
line-25 [47 1068 105 1068]
line-26 [52 1075 127 1075]
line-35 [122 1084 164 1084]
line-41 [106 1069 154 1069]
line-42 [128 1076 171 1076]
line-46 [60 1083 77 1083]
line-48 [165 1085 203 1085]
line-52 [14 1082 54 1082]
line-63 [55 1061 90 1061]
line-68 [527 947 533 943]
line-72 [209 1077 223 1077]
line-84 [194 1077 204 1077]
