line-0 [72 1075 117 1075]
line-1 [71 1083 121 1083]
line-3 [161 1062 175 1062]
line-8 [105 1062 141 1062]
line-9 [118 1069 152 1069]
line-10 [254 1078 282 1078]
line-11 [122 1084 159 1084]
line-14 [16 1074 34 1074]
line-15 [267 1087 283 1087]
line-19 [46 1068 117 1068]
line-20 [216 1086 266 1086]
line-21 [230 1078 253 1078]
line-23 [336 1066 369 1066]
line-24 [298 1079 311 1079]
line-32 [17 1082 70 1082]
line-34 [312 1088 326 1088]
line-35 [138 1076 182 1076]
line-36 [183 1077 229 1077]
line-39 [54 1061 104 1061]
line-40 [332 1089 356 1089]
line-46 [326 1080 345 1080]
line-47 [169 1085 215 1085]
line-55 [43 1074 61 1074]
line-60 [546 935 558 928]
line-68 [301 1088 309 1088]
line-76 [153 1069 164 1069]
line-77 [346 1081 363 1081]
line-79 [341 1073 358 1074]
line-82 [521 952 538 939]
line-87 [118 1075 133 1075]
line-90 [171 1070 183 1070]
line-91 [153 1062 160 1062]
line-95 [561 927 567 924]
line-104 [360 1074 367 1074]
line-105 [182 1062 188 1062]
