line-0 [189 1077 223 1077]
line-4 [362 1067 373 1067]
line-5 [203 1086 236 1086]
line-6 [156 1070 184 1070]
line-7 [0 1074 33 1074]
line-10 [166 1085 202 1085]
line-11 [97 1062 175 1062]
line-13 [102 1083 112 1083]
line-14 [224 1078 287 1078]
line-16 [123 1069 155 1069]
line-18 [54 1075 126 1075]
line-19 [352 1081 360 1081]
line-20 [243 1086 251 1086]
line-27 [308 1080 343 1080]
line-29 [282 1088 313 1088]
line-34 [288 1079 307 1079]
line-37 [47 1068 106 1068]
line-40 [21 1082 49 1082]
line-43 [331 1089 345 1089]
line-46 [183 1063 192 1063]
line-52 [138 1076 169 1076]
line-57 [54 1061 82 1061]
line-59 [114 1084 162 1084]
line-62 [532 943 540 938]
line-67 [252 1086 264 1086]
line-68 [34 1074 47 1074]
line-73 [84 1061 90 1061]
line-75 [340 1073 348 1073]
line-79 [335 1066 361 1066]
line-82 [55 1083 101 1083]
line-83 [48 1074 53 1074]
line-87 [547 934 553 930]
line-94 [333 1073 339 1073]
line-100 [265 1087 276 1087]
line-102 [522 951 533 943]
line-105 [180 1077 188 1077]
line-106 [355 1074 362 1074]
