line-0 [266 1087 285 1087]
line-1 [160 1070 183 1070]
line-2 [58 1083 112 1083]
line-3 [174 1077 225 1077]
line-6 [333 1073 340 1073]
line-9 [315 1080 343 1080]
line-12 [104 1062 156 1062]
line-13 [47 1068 106 1068]
line-14 [286 1088 326 1088]
line-18 [142 1084 160 1084]
line-21 [54 1061 98 1061]
line-22 [208 1086 263 1086]
line-24 [3 1074 54 1074]
line-25 [346 1066 354 1066]
line-27 [55 1075 128 1075]
line-29 [226 1078 288 1078]
line-30 [107 1069 159 1069]
line-36 [327 1089 333 1089]
line-42 [336 1066 345 1066]
line-44 [164 1085 207 1085]
line-50 [129 1076 169 1076]
line-55 [157 1062 186 1062]
line-59 [528 946 553 930]
line-62 [16 1082 55 1082]
line-63 [581 918 586 917]
line-64 [345 1081 363 1081]
line-85 [356 1074 366 1074]
line-87 [334 1089 352 1089]
line-89 [289 1079 297 1079]
line-94 [117 1084 141 1084]
