line-0 [235 1086 266 1086]
line-1 [84 1075 137 1075]
line-6 [18 1082 65 1082]
line-8 [109 1083 123 1083]
line-12 [336 1066 365 1066]
line-14 [124 1084 153 1084]
line-15 [8 1074 42 1074]
line-16 [333 1073 357 1073]
line-17 [347 1081 362 1081]
line-18 [236 1078 264 1078]
line-20 [77 1068 118 1068]
line-21 [77 1061 133 1062]
line-26 [171 1070 179 1070]
line-27 [341 1089 349 1089]
line-28 [267 1087 293 1087]
line-29 [297 1088 334 1088]
line-31 [187 1085 211 1085]
line-32 [43 1074 57 1074]
line-36 [119 1069 168 1069]
line-37 [158 1076 184 1076]
line-43 [568 923 580 919]
line-46 [185 1077 229 1077]
line-47 [265 1078 278 1078]
line-54 [59 1061 76 1061]
line-55 [154 1062 191 1062]
line-56 [69 1083 108 1083]
line-57 [527 947 557 928]
line-62 [173 1085 181 1085]
line-63 [331 1080 346 1080]
line-67 [316 1080 330 1080]
line-68 [292 1079 311 1079]
line-72 [134 1062 146 1062]
line-75 [157 1084 166 1084]
line-79 [221 1086 234 1086]
line-90 [52 1068 66 1068]
line-97 [64 1074 69 1074]
