line-0 [78 1083 121 1083]
line-1 [154 1076 185 1076]
line-3 [215 1086 257 1086]
line-5 [118 1069 129 1069]
line-7 [90 1075 136 1075]
line-8 [211 1077 229 1077]
line-9 [165 1062 179 1062]
line-11 [333 1073 341 1073]
line-16 [139 1069 172 1069]
line-17 [312 1080 336 1080]
line-21 [336 1066 370 1066]
line-23 [47 1068 117 1068]
line-24 [19 1082 69 1082]
line-30 [11 1074 75 1074]
line-32 [234 1078 290 1078]
line-34 [68 1061 96 1061]
line-36 [531 944 539 939]
line-39 [277 1087 295 1087]
line-44 [120 1062 164 1062]
line-49 [296 1088 335 1088]
line-50 [174 1085 214 1085]
line-53 [291 1079 311 1079]
line-55 [122 1084 173 1084]
line-56 [0 1081 18 1081]
line-61 [342 1073 354 1073]
line-63 [548 933 565 925]
line-67 [361 1074 367 1074]
line-72 [173 1070 183 1070]
line-81 [338 1089 344 1089]
line-86 [341 1080 346 1080]
line-87 [97 1061 103 1061]
line-92 [71 1083 76 1083]
line-94 [186 1077 210 1077]
