line-0 [84 1075 140 1075]
line-1 [24 1082 69 1082]
line-2 [142 1084 170 1084]
line-9 [46 1068 120 1068]
line-17 [121 1062 192 1062]
line-18 [98 1083 108 1083]
line-21 [190 1077 216 1077]
line-25 [46 1074 60 1074]
line-26 [117 1083 127 1083]
line-28 [148 1076 189 1076]
line-30 [121 1069 175 1069]
line-31 [54 1061 116 1061]
line-34 [176 1085 227 1085]
line-37 [34 1074 45 1074]
line-49 [530 944 538 939]
line-53 [217 1077 237 1077]
line-63 [537 939 556 928]
line-69 [135 1084 141 1084]
line-75 [77 1083 97 1083]
line-80 [61 1074 81 1074]
line-83 [0 1073 13 1073]
line-89 [0 1081 20 1081]
