line-0 [172 1085 213 1085]
line-1 [137 1076 175 1076]
line-6 [291 1079 310 1079]
line-7 [160 1062 174 1062]
line-8 [78 1083 123 1083]
line-11 [78 1068 118 1068]
line-17 [333 1073 356 1073]
line-19 [106 1062 149 1062]
line-20 [28 1074 46 1074]
line-21 [210 1077 228 1077]
line-22 [240 1086 258 1086]
line-24 [70 1075 136 1075]
line-30 [230 1078 290 1078]
line-33 [339 1089 359 1089]
line-35 [119 1069 167 1069]
line-39 [0 1081 17 1081]
line-40 [60 1061 74 1061]
line-42 [347 1081 354 1081]
line-44 [18 1082 66 1082]
line-51 [313 1080 346 1080]
line-53 [124 1084 166 1084]
line-59 [531 945 541 937]
line-62 [183 1062 190 1062]
line-65 [357 1074 368 1074]
line-67 [214 1086 229 1086]
line-74 [336 1066 368 1066]
line-75 [259 1086 267 1086]
line-76 [293 1088 330 1088]
line-78 [277 1087 292 1087]
line-79 [176 1076 183 1076]
line-85 [47 1074 57 1074]
line-87 [75 1061 90 1061]
line-88 [151 1062 159 1062]
line-89 [191 1077 201 1077]
line-94 [0 1073 7 1073]
line-102 [185 1077 190 1077]
line-103 [8 1074 27 1074]
line-104 [47 1068 77 1068]
