line-0 [152 1076 188 1076]
line-1 [120 1069 168 1069]
line-2 [90 1061 125 1061]
line-3 [79 1083 118 1083]
line-11 [277 1087 306 1087]
line-12 [95 1068 109 1068]
line-13 [98 1075 147 1075]
line-14 [189 1077 252 1077]
line-19 [129 1062 192 1062]
line-26 [45 1082 78 1082]
line-27 [200 1085 256 1086]
line-29 [13 1074 82 1074]
line-33 [46 1068 78 1068]
line-34 [524 949 545 934]
line-36 [138 1084 166 1084]
line-40 [287 1078 295 1078]
line-42 [309 1079 331 1080]
line-47 [21 1082 34 1082]
line-48 [310 1088 318 1088]
line-55 [58 1061 86 1061]
line-59 [261 1078 279 1078]
line-61 [552 930 562 926]
line-74 [172 1069 185 1069]
line-77 [180 1085 188 1085]
line-80 [0 1081 20 1081]
line-84 [280 1078 286 1078]
