line-0 [16 1074 72 1074]
line-1 [121 1084 221 1085]
line-4 [150 1062 192 1062]
line-7 [323 1080 350 1080]
line-8 [84 1083 94 1083]
line-11 [117 1069 162 1069]
line-12 [86 1068 104 1068]
line-19 [0 1081 16 1081]
line-20 [256 1086 266 1086]
line-25 [153 1076 171 1076]
line-29 [181 1077 238 1077]
line-31 [107 1062 148 1062]
line-33 [239 1078 293 1078]
line-35 [54 1061 106 1061]
line-38 [529 945 556 928]
line-41 [315 1080 322 1080]
line-45 [347 1073 355 1073]
line-46 [300 1088 325 1088]
line-49 [338 1073 346 1073]
line-50 [137 1076 151 1076]
line-51 [17 1082 66 1082]
line-54 [75 1075 136 1075]
line-61 [335 1066 370 1066]
line-63 [222 1086 243 1086]
line-64 [531 935 537 931]
line-65 [45 1068 85 1068]
line-68 [73 1083 83 1083]
line-71 [525 938 531 934]
line-72 [539 930 546 927]
line-74 [249 1086 255 1086]
line-79 [304 1079 312 1079]
line-83 [270 1087 299 1087]
line-84 [95 1083 120 1083]
line-89 [552 924 560 921]
line-90 [339 1089 347 1089]
line-91 [328 1088 336 1088]
