line-0 [285 1079 311 1079]
line-1 [182 1077 227 1077]
line-3 [265 1087 292 1087]
line-4 [115 1084 166 1084]
line-7 [104 1062 138 1062]
line-9 [6 1074 53 1074]
line-10 [228 1078 255 1078]
line-14 [160 1070 183 1070]
line-16 [31 1082 56 1082]
line-17 [57 1075 128 1075]
line-20 [349 1081 357 1081]
line-25 [203 1086 264 1086]
line-27 [47 1068 107 1068]
line-28 [57 1083 110 1083]
line-30 [270 1078 280 1078]
line-31 [108 1069 159 1069]
line-35 [142 1076 177 1076]
line-40 [323 1080 343 1080]
line-43 [336 1066 369 1066]
line-48 [55 1061 88 1061]
line-54 [333 1073 346 1073]
line-55 [168 1085 202 1085]
line-58 [143 1062 169 1062]
line-60 [342 1089 350 1089]
line-63 [313 1080 321 1080]
line-72 [301 1088 315 1088]
line-74 [347 1074 368 1074]
line-80 [17 1082 24 1082]
line-82 [181 1063 192 1063]
line-86 [333 1089 341 1089]
