line-0 [82 1075 133 1075]
line-1 [299 1088 329 1088]
line-2 [122 1084 165 1084]
line-4 [311 1080 343 1080]
line-5 [336 1066 366 1066]
line-6 [333 1073 355 1073]
line-7 [105 1062 181 1062]
line-10 [56 1083 74 1083]
line-14 [237 1078 265 1078]
line-18 [5 1074 61 1074]
line-19 [151 1076 161 1076]
line-26 [67 1068 109 1068]
line-27 [34 1082 55 1082]
line-29 [173 1076 179 1076]
line-30 [0 1081 17 1081]
line-31 [55 1061 104 1061]
line-33 [209 1086 264 1086]
line-38 [348 1089 353 1089]
line-39 [180 1077 225 1077]
line-41 [288 1079 306 1079]
line-42 [118 1069 159 1069]
line-46 [166 1085 203 1085]
line-51 [336 1089 344 1089]
line-53 [265 1087 290 1087]
line-54 [160 1070 183 1070]
line-67 [18 1082 33 1082]
line-76 [75 1083 117 1083]
line-81 [182 1063 190 1063]
