line-0 [67 1075 123 1075]
line-1 [60 1083 116 1083]
line-4 [290 1079 309 1079]
line-9 [0 1074 53 1074]
line-15 [103 1062 143 1062]
line-16 [229 1086 257 1086]
line-17 [47 1068 80 1068]
line-22 [169 1077 197 1077]
line-29 [118 1084 163 1084]
line-31 [107 1069 131 1069]
line-32 [229 1078 248 1078]
line-35 [279 1078 287 1078]
line-36 [524 949 549 932]
line-38 [258 1086 265 1086]
line-40 [132 1069 151 1069]
line-42 [335 1066 364 1066]
line-45 [54 1061 102 1061]
line-46 [311 1080 339 1080]
line-50 [177 1085 208 1085]
line-51 [211 1077 228 1077]
line-55 [291 1088 332 1088]
line-57 [13 1082 58 1082]
line-62 [137 1076 167 1076]
line-64 [179 1062 189 1062]
line-67 [153 1062 167 1062]
line-69 [357 1081 363 1081]
line-71 [249 1078 255 1078]
line-72 [209 1086 214 1086]
line-73 [165 1070 183 1070]
line-74 [215 1086 222 1086]
line-78 [156 1069 164 1069]
line-79 [338 1073 351 1073]
line-80 [551 931 558 928]
line-83 [266 1087 283 1087]
line-92 [342 1089 350 1089]
line-97 [90 1068 106 1068]
line-98 [350 1081 356 1081]
line-99 [333 1089 338 1089]
line-101 [124 1075 135 1075]
line-103 [201 1077 210 1077]
line-105 [256 1078 268 1078]
