line-0 [297 1079 319 1079]
line-1 [0 1081 19 1081]
line-2 [258 1078 296 1078]
line-3 [164 1076 174 1076]
line-6 [185 1085 223 1085]
line-8 [333 1073 348 1073]
line-9 [80 1075 142 1075]
line-10 [161 1062 175 1062]
line-11 [61 1068 75 1068]
line-14 [241 1086 269 1086]
line-15 [117 1062 153 1062]
line-16 [76 1083 100 1083]
line-17 [349 1073 369 1073]
line-19 [188 1077 234 1077]
line-22 [20 1082 75 1082]
line-27 [1 1073 23 1074]
line-29 [124 1069 175 1069]
line-30 [54 1061 116 1061]
line-35 [130 1084 174 1084]
line-40 [323 1088 331 1088]
line-47 [528 946 557 928]
line-48 [280 1087 298 1087]
line-49 [36 1074 79 1074]
line-52 [340 1066 346 1066]
line-56 [91 1068 105 1068]
line-60 [304 1088 312 1088]
line-64 [342 1089 359 1089]
line-75 [354 1081 361 1081]
line-79 [107 1083 117 1083]
line-81 [106 1068 119 1068]
line-83 [143 1076 163 1076]
line-88 [320 1080 353 1080]
line-89 [245 1078 253 1078]
line-92 [349 1066 371 1066]
line-93 [179 1062 192 1062]
line-96 [224 1086 240 1086]
