line-0 [253 1078 283 1078]
line-1 [78 1083 111 1083]
line-4 [30 1074 143 1075]
line-5 [75 1061 126 1061]
line-10 [190 1077 252 1077]
line-12 [177 1085 207 1085]
line-13 [344 1089 359 1089]
line-15 [69 1068 83 1068]
line-19 [230 1086 277 1086]
line-22 [333 1080 351 1080]
line-23 [284 1078 292 1078]
line-24 [106 1068 119 1068]
line-29 [25 1082 77 1082]
line-31 [512 946 517 944]
line-33 [120 1069 180 1069]
line-34 [127 1062 192 1062]
line-38 [145 1084 173 1084]
line-39 [148 1076 165 1076]
line-42 [112 1083 117 1083]
line-43 [306 1088 343 1088]
line-49 [17 1074 27 1074]
line-50 [530 944 538 939]
line-54 [118 1083 126 1083]
line-56 [301 1079 322 1079]
line-64 [562 920 568 918]
line-66 [572 921 578 919]
line-69 [62 1061 74 1061]
line-80 [4 1081 24 1081]
line-85 [525 948 531 944]
line-86 [208 1085 229 1085]
line-87 [280 1087 286 1087]
line-89 [505 952 512 947]
line-100 [545 927 550 925]
line-103 [287 1087 305 1087]
line-106 [93 1068 105 1068]
line-107 [324 1080 330 1080]
line-110 [46 1068 68 1068]
line-111 [535 932 540 930]
