line-0 [304 1079 327 1079]
line-1 [280 1087 315 1087]
line-2 [192 1085 234 1085]
line-4 [81 1061 109 1061]
line-6 [45 1074 150 1075]
line-8 [103 1068 144 1068]
line-9 [155 1076 211 1076]
line-10 [270 1078 301 1078]
line-14 [334 1073 369 1073]
line-17 [217 1077 264 1077]
line-18 [39 1082 67 1082]
line-20 [22 1073 36 1073]
line-25 [140 1062 156 1062]
line-27 [92 1083 153 1083]
line-35 [145 1069 184 1069]
line-36 [328 1080 361 1080]
line-39 [235 1086 279 1086]
line-40 [11 1073 21 1073]
line-46 [111 1061 129 1061]
line-47 [157 1062 192 1062]
line-49 [538 938 569 922]
line-57 [84 1068 102 1068]
line-58 [6 1081 36 1081]
line-59 [159 1084 181 1084]
line-62 [352 1066 373 1066]
line-63 [48 1067 69 1067]
line-67 [316 1088 342 1088]
line-80 [525 948 537 939]
line-81 [61 1061 80 1060]
