line-0 [151 1076 179 1076]
line-1 [180 1085 229 1085]
line-3 [153 1062 192 1062]
line-5 [322 1080 339 1080]
line-7 [53 1061 121 1061]
line-9 [128 1069 164 1069]
line-10 [97 1083 107 1083]
line-11 [16 1074 49 1074]
line-20 [46 1068 127 1068]
line-23 [26 1082 77 1082]
line-24 [85 1075 145 1075]
line-26 [234 1086 242 1086]
line-31 [215 1077 247 1077]
line-37 [248 1078 298 1078]
line-40 [299 1087 306 1087]
line-41 [0 1073 15 1073]
line-47 [251 1086 259 1086]
line-49 [363 1066 373 1066]
line-51 [158 1084 176 1084]
line-53 [299 1079 321 1079]
line-54 [194 1077 204 1077]
line-56 [533 943 545 934]
line-59 [51 1074 65 1074]
line-73 [127 1062 145 1062]
line-74 [275 1087 298 1087]
line-77 [205 1077 214 1077]
line-78 [307 1088 343 1088]
line-79 [108 1083 131 1083]
line-87 [345 1080 355 1080]
line-90 [546 934 565 924]
line-92 [0 1081 25 1081]
line-93 [349 1066 362 1066]
line-97 [78 1083 89 1083]
line-101 [336 1073 353 1073]
line-109 [165 1069 181 1069]
line-113 [66 1074 78 1074]
line-116 [180 1076 189 1076]
