line-0 [219 1077 266 1077]
line-1 [197 1085 236 1085]
line-3 [136 1069 184 1069]
line-4 [53 1061 106 1061]
line-5 [2 1073 16 1073]
line-7 [19 1074 33 1074]
line-8 [310 1088 340 1088]
line-10 [303 1079 317 1079]
line-13 [60 1082 90 1082]
line-14 [136 1062 192 1062]
line-16 [353 1066 371 1066]
line-20 [300 1087 308 1087]
line-21 [84 1068 132 1068]
line-22 [87 1075 152 1075]
line-26 [99 1083 109 1083]
line-29 [334 1073 369 1073]
line-31 [34 1074 74 1074]
line-41 [121 1083 149 1083]
line-42 [326 1080 358 1080]
line-43 [237 1086 278 1086]
line-47 [36 1082 59 1082]
line-48 [186 1076 195 1076]
line-52 [153 1084 182 1084]
line-57 [153 1076 174 1076]
line-66 [528 945 541 936]
line-77 [114 1061 135 1061]
line-78 [267 1078 302 1078]
line-81 [55 1067 68 1067]
line-83 [551 931 557 927]
line-85 [0 1080 20 1081]
line-86 [335 1065 352 1065]
line-94 [177 1076 185 1076]
line-95 [318 1079 324 1079]
