line-0 [258 1078 297 1078]
line-1 [25 1082 58 1082]
line-2 [271 1087 300 1087]
line-5 [349 1066 370 1066]
line-6 [47 1068 87 1068]
line-11 [116 1062 192 1062]
line-12 [171 1076 181 1076]
line-15 [80 1075 148 1075]
line-16 [120 1069 180 1069]
line-17 [13 1074 79 1074]
line-19 [0 1081 21 1081]
line-20 [76 1083 130 1083]
line-22 [540 937 554 930]
line-23 [189 1077 245 1077]
line-26 [53 1061 115 1061]
line-31 [319 1080 344 1080]
line-32 [182 1076 188 1076]
line-34 [176 1085 228 1085]
line-44 [354 1081 359 1081]
line-48 [229 1086 270 1086]
line-53 [301 1088 341 1088]
line-54 [555 929 560 927]
line-56 [131 1084 175 1084]
line-65 [565 924 578 919]
line-72 [95 1068 113 1068]
line-83 [298 1079 318 1079]
line-85 [60 1082 74 1082]
line-90 [0 1073 12 1073]
line-91 [521 952 537 939]
