line-0 [255 1086 287 1086]
line-1 [102 1075 154 1075]
line-3 [161 1062 192 1062]
line-6 [197 1076 224 1076]
line-7 [17 1081 51 1081]
line-9 [100 1068 150 1068]
line-10 [56 1082 96 1082]
line-11 [280 1078 334 1079]
line-18 [70 1067 80 1067]
line-19 [168 1084 196 1084]
line-22 [38 1073 52 1073]
line-24 [97 1083 162 1083]
line-25 [288 1087 317 1087]
line-27 [225 1077 279 1077]
line-28 [94 1061 160 1061]
line-34 [335 1065 352 1065]
line-36 [53 1074 101 1074]
line-39 [201 1085 243 1085]
line-53 [337 1080 362 1080]
line-54 [337 1088 345 1088]
line-60 [151 1069 184 1069]
line-61 [56 1067 69 1067]
line-62 [168 1076 182 1076]
line-64 [0 1073 33 1073]
line-67 [55 1060 84 1060]
line-75 [520 951 545 933]
line-87 [578 918 585 916]
line-94 [47 1067 52 1067]
