line-0 [53 1074 91 1074]
line-1 [100 1061 155 1061]
line-2 [45 1067 85 1067]
line-3 [101 1083 146 1083]
line-10 [0 1073 14 1073]
line-11 [317 1079 343 1079]
line-14 [292 1087 317 1087]
line-15 [168 1076 210 1076]
line-20 [223 1085 260 1085]
line-22 [54 1082 100 1082]
line-23 [107 1075 164 1075]
line-24 [55 1060 84 1060]
line-25 [14 1081 53 1081]
line-26 [110 1068 150 1068]
line-33 [225 1077 281 1077]
line-36 [347 1073 361 1073]
line-43 [519 952 531 943]
line-44 [46 1073 52 1073]
line-45 [159 1061 175 1062]
line-47 [0 1080 13 1080]
line-48 [167 1084 203 1084]
line-52 [99 1068 109 1068]
line-53 [335 1065 367 1065]
line-55 [151 1069 160 1069]
line-57 [282 1078 310 1078]
line-64 [147 1083 166 1083]
line-74 [536 939 549 932]
line-84 [264 1086 291 1086]
line-87 [329 1088 353 1088]
line-91 [176 1062 190 1062]
line-92 [166 1069 184 1069]
line-95 [15 1073 45 1073]
line-101 [206 1085 222 1085]
