line-0 [172 1076 226 1076]
line-1 [207 1085 243 1085]
line-2 [67 1082 100 1082]
line-5 [159 1069 183 1069]
line-6 [168 1062 191 1062]
line-11 [121 1075 149 1075]
line-13 [324 1079 343 1079]
line-15 [351 1073 369 1073]
line-17 [4 1080 13 1080]
line-19 [283 1086 300 1086]
line-20 [138 1068 152 1068]
line-23 [297 1078 312 1078]
line-24 [130 1083 148 1083]
line-25 [71 1060 104 1060]
line-31 [335 1065 371 1065]
line-34 [539 937 557 927]
line-35 [234 1077 284 1077]
line-36 [46 1067 98 1067]
line-39 [60 1074 110 1074]
line-41 [105 1061 167 1061]
line-46 [333 1072 350 1072]
line-48 [244 1085 259 1085]
line-50 [167 1084 206 1084]
line-51 [108 1068 126 1068]
line-56 [10 1073 59 1073]
line-60 [14 1081 53 1081]
line-63 [128 1068 137 1068]
line-66 [149 1083 166 1083]
line-67 [560 926 567 922]
line-83 [301 1087 322 1087]
line-84 [349 1080 363 1080]
line-88 [519 952 531 942]
line-93 [227 1076 233 1076]
line-94 [567 923 573 920]
line-96 [331 1088 339 1088]
