line-0 [213 1085 260 1085]
line-2 [190 1076 232 1076]
line-5 [335 1065 373 1065]
line-9 [17 1081 115 1082]
line-11 [104 1061 181 1061]
line-12 [354 1073 369 1073]
line-14 [317 1079 347 1079]
line-17 [48 1073 62 1073]
line-19 [54 1060 103 1060]
line-20 [44 1066 102 1067]
line-21 [68 1074 126 1074]
line-22 [233 1077 288 1077]
line-27 [136 1068 163 1068]
line-29 [127 1075 184 1075]
line-32 [357 1080 364 1080]
line-34 [302 1087 327 1087]
line-40 [116 1083 172 1083]
line-47 [268 1086 301 1086]
line-51 [352 1088 357 1088]
line-52 [173 1084 212 1084]
line-53 [33 1073 47 1073]
line-56 [182 1062 190 1062]
line-77 [289 1078 316 1078]
line-78 [119 1068 135 1068]
line-84 [333 1072 353 1072]
line-87 [164 1069 183 1069]
line-91 [0 1080 16 1080]
line-93 [9 1073 27 1073]
