line-3 [333 1072 358 1072]
line-4 [267 1086 299 1086]
line-7 [133 1083 163 1083]
line-9 [31 1073 62 1073]
line-11 [103 1061 151 1061]
line-13 [47 1067 117 1067]
line-20 [352 1065 372 1065]
line-22 [63 1074 124 1074]
line-24 [118 1068 159 1068]
line-25 [0 1080 16 1080]
line-29 [117 1083 127 1083]
line-35 [63 1082 116 1082]
line-39 [125 1075 169 1075]
line-45 [5 1073 20 1073]
line-46 [17 1081 62 1081]
line-55 [54 1060 102 1060]
line-57 [237 1085 266 1085]
line-66 [536 939 559 926]
line-73 [305 1087 332 1087]
line-80 [342 1065 350 1065]
line-84 [157 1061 171 1061]
line-85 [333 1088 352 1088]
